sim_timestamp,sim_damage_timestamp,sim_name,sim_potency,sim_expected,sim_weight,sim_target,sim_conditions,sim_variance,sim_buffs,sim_application_timestamp
0,0,The Wanderer's Minuet,,,,,,,[],
-510,750,Veraero III,440.0,58789.0,,Boss1,[],244427179.0,[],
790,790,Acceleration,,,,,,,[],
90,850,Verthunder III,440.0,59417.0,,Boss1,[],253891568.0,"[""The Wanderer's Minuet""]",
750,1282,Auto,90.0,0.0,,Boss1,[],0.0,"[""The Wanderer's Minuet""]",
1490,1490,Swiftcast,,,,,,,[],
3280,3280,Grade 4 Gemdraught,,,,,,,[],
2580,3340,Veraero III,440.0,59417.0,,Boss1,['Acceleration'],253891568.0,"['Acceleration', ""The Wanderer's Minuet""]",
3491,3491,Dokumori,,,,,,,[],
3491,3491,Dokumori,,,,,,,[],
3491,3491,Dokumori,,,,,,,[],
4190,4722,Auto,90.0,0.0,,Boss1,[],0.0,"['Dokumori', 'Grade 4 Gemdraught', ""The Wanderer's Minuet""]",
5103,5103,Battle Voice,,,,,,,[],5723.0
5133,5133,Brotherhood,,,,,,,[],5933.0
3980,5140,Fleche,480.0,73632.0,,Boss1,[],389933284.0,"['Dokumori', 'Grade 4 Gemdraught', ""The Wanderer's Minuet""]",
5220,5220,Chain Stratagem,,,,,,,[],6020.0
5723,5723,Radiant Finale,,,,,,,[],6348.0
5770,5770,Embolden,,,,,,,[],6430.0
5070,5830,Veraero III,440.0,67506.0,,Boss1,[],327751749.0,"['Dokumori', 'Grade 4 Gemdraught', ""The Wanderer's Minuet""]",
6470,6470,Manafication,,,,,,,[],
7630,8162,Auto,90.0,0.0,,Boss1,[],0.0,"['Battle Voice', 'Brotherhood', 'Chain Stratagem', 'Dokumori', 'Grade 4 Gemdraught', 'Radiant Finale', ""The Wanderer's Minuet""]",
7560,8190,Enchanted Riposte,340.0,67675.0,,Boss1,[],338636573.0,"['Battle Voice', 'Brotherhood', 'Chain Stratagem', 'Dokumori', 'Embolden', 'Grade 4 Gemdraught', 'Radiant Finale', ""The Wanderer's Minuet""]",
8260,9420,Contre Sixte,420.0,75968.0,,Boss1,[],426721571.0,"['Battle Voice', 'Brotherhood', 'Chain Stratagem', 'Dokumori', 'Grade 4 Gemdraught', 'Radiant Finale', ""The Wanderer's Minuet""]",
9060,9690,Enchanted Zwerchhau,380.0,75620.0,,Boss1,[],422812432.0,"['Battle Voice', 'Brotherhood', 'Chain Stratagem', 'Dokumori', 'Embolden', 'Grade 4 Gemdraught', 'Radiant Finale', ""The Wanderer's Minuet""]",
9760,10390,Corps-a-corps,130.0,23494.0,,Boss1,[],40816330.0,"['Battle Voice', 'Brotherhood', 'Chain Stratagem', 'Dokumori', 'Grade 4 Gemdraught', 'Radiant Finale', ""The Wanderer's Minuet""]",
10560,11190,Enchanted Redoublement,560.0,111423.0,,Boss1,[],917944641.0,"['Battle Voice', 'Brotherhood', 'Chain Stratagem', 'Dokumori', 'Embolden', 'Grade 4 Gemdraught', 'Radiant Finale', ""The Wanderer's Minuet""]",
11070,11602,Auto,90.0,0.0,,Boss1,[],0.0,"['Battle Voice', 'Brotherhood', 'Chain Stratagem', 'Dokumori', 'Grade 4 Gemdraught', 'Radiant Finale', ""The Wanderer's Minuet""]",
11260,11840,Engagement,180.0,32542.0,,Boss1,[],78300811.0,"['Battle Voice', 'Brotherhood', 'Chain Stratagem', 'Dokumori', 'Grade 4 Gemdraught', 'Radiant Finale', ""The Wanderer's Minuet""]",
11960,12590,Corps-a-corps,130.0,23494.0,,Boss1,[],40816330.0,"['Battle Voice', 'Brotherhood', 'Chain Stratagem', 'Dokumori', 'Grade 4 Gemdraught', 'Radiant Finale', ""The Wanderer's Minuet""]",
12760,14190,Verflare,650.0,129420.0,,Boss1,[],1238428493.0,"['Battle Voice', 'Brotherhood', 'Chain Stratagem', 'Dokumori', 'Embolden', 'Grade 4 Gemdraught', 'Radiant Finale', ""The Wanderer's Minuet""]",
13460,14880,Prefulgence,1200.0,238933.0,,Boss1,[],4220989880.0,"['Battle Voice', 'Brotherhood', 'Chain Stratagem', 'Dokumori', 'Embolden', 'Grade 4 Gemdraught', 'Radiant Finale', ""The Wanderer's Minuet""]",
14510,15042,Auto,90.0,0.0,,Boss1,[],0.0,"['Battle Voice', 'Brotherhood', 'Chain Stratagem', 'Dokumori', 'Grade 4 Gemdraught', 'Radiant Finale', ""The Wanderer's Minuet""]",
15950,16750,Vice of Thorns,950.0,189154.0,,Boss1,[],2645436875.0,"['Battle Voice', 'Brotherhood', 'Chain Stratagem', 'Dokumori', 'Embolden', 'Grade 4 Gemdraught', 'Radiant Finale', ""The Wanderer's Minuet""]",
15250,17080,Scorch,750.0,149331.0,,Boss1,[],1648817391.0,"['Battle Voice', 'Brotherhood', 'Chain Stratagem', 'Dokumori', 'Embolden', 'Grade 4 Gemdraught', 'Radiant Finale', ""The Wanderer's Minuet""]",
17950,18482,Auto,90.0,0.0,,Boss1,[],0.0,"['Battle Voice', 'Brotherhood', 'Chain Stratagem', 'Dokumori', 'Grade 4 Gemdraught', 'Radiant Finale', ""The Wanderer's Minuet""]",
18440,19020,Engagement,180.0,32542.0,,Boss1,[],78300811.0,"['Battle Voice', 'Brotherhood', 'Chain Stratagem', 'Dokumori', 'Grade 4 Gemdraught', 'Radiant Finale', ""The Wanderer's Minuet""]",
17740,19300,Resolution,850.0,169243.0,,Boss1,[],2117813135.0,"['Battle Voice', 'Brotherhood', 'Chain Stratagem', 'Dokumori', 'Embolden', 'Grade 4 Gemdraught', 'Radiant Finale', ""The Wanderer's Minuet""]",
20231,21781,Grand Impact,600.0,119464.0,,Boss1,[],1055185425.0,"['Battle Voice', 'Brotherhood', 'Chain Stratagem', 'Dokumori', 'Embolden', 'Grade 4 Gemdraught', 'Radiant Finale', ""The Wanderer's Minuet""]",
21390,21922,Auto,90.0,0.0,,Boss1,[],0.0,"['Battle Voice', 'Brotherhood', 'Chain Stratagem', 'Dokumori', 'Grade 4 Gemdraught', 'Radiant Finale', ""The Wanderer's Minuet""]",
24830,25362,Auto,90.0,0.0,,Boss1,[],0.0,"['Battle Voice', 'Brotherhood', 'Chain Stratagem', 'Grade 4 Gemdraught', 'Radiant Finale', ""The Wanderer's Minuet""]",
24211,25511,Verfire,380.0,75620.0,,Boss1,[],422812432.0,"['Battle Voice', 'Brotherhood', 'Chain Stratagem', 'Dokumori', 'Embolden', 'Grade 4 Gemdraught', 'Radiant Finale', ""The Wanderer's Minuet""]",
25911,25911,Acceleration,,,,,,,[],
25211,25971,Verthunder III,440.0,83415.0,,Boss1,[],514489182.0,"['Battle Voice', 'Brotherhood', 'Chain Stratagem', 'Embolden', 'Grade 4 Gemdraught', 'Radiant Finale', ""The Wanderer's Minuet""]",
27701,28461,Verthunder III,440.0,64292.0,,Boss1,[],297276288.0,"['Grade 4 Gemdraught', ""The Wanderer's Minuet""]",
28270,28802,Auto,90.0,0.0,,Boss1,[],0.0,"['Grade 4 Gemdraught', ""The Wanderer's Minuet""]",
28980,30140,Fleche,480.0,70126.0,,Boss1,[],353671160.0,"['Grade 4 Gemdraught', ""The Wanderer's Minuet""]",
32181,32713,Auto,90.0,0.0,,Boss1,[],0.0,"['Grade 4 Gemdraught', ""The Wanderer's Minuet""]",
31681,32981,Verstone,380.0,55509.0,,Boss1,[],221588956.0,"['Grade 4 Gemdraught', ""The Wanderer's Minuet""]",
32680,33440,Veraero III,440.0,64292.0,,Boss1,[],297276288.0,"['Grade 4 Gemdraught', ""The Wanderer's Minuet""]",
37161,37693,Auto,90.0,0.0,,Boss1,[],0.0,"[""The Wanderer's Minuet""]",
36661,37961,Verfire,380.0,51299.0,,Boss1,[],189255196.0,"[""The Wanderer's Minuet""]",
37661,38421,Verthunder III,440.0,59417.0,,Boss1,[],253891568.0,"[""The Wanderer's Minuet""]",
40601,41133,Auto,90.0,0.0,,Boss1,[],0.0,"[""The Wanderer's Minuet""]",
41490,41490,Swiftcast,,,,,,,[],
40151,41701,Grand Impact,600.0,81043.0,,Boss1,[],472336948.0,"[""The Wanderer's Minuet""]",
42541,42541,Mage's Ballad,,,,,,,[],
42641,43401,Veraero III,440.0,59376.0,,Boss1,[],249346516.0,"[""Mage's Ballad""]",
43341,44501,Contre Sixte,420.0,56650.0,,Boss1,[],226976894.0,"[""Mage's Ballad""]",
44041,44573,Auto,90.0,0.0,,Boss1,[],0.0,"[""Mage's Ballad""]",
45131,45931,Verstone,380.0,51264.0,,Boss1,[],185860023.0,"[""Mage's Ballad""]",
47481,48013,Auto,90.0,0.0,,Boss1,[],0.0,"[""Mage's Ballad""]",
51601,52901,Verfire,380.0,51264.0,,Boss1,[],185860023.0,"[""Mage's Ballad""]",
52611,53143,Auto,90.0,0.0,,Boss1,[],0.0,"[""Mage's Ballad""]",
52111,53371,Veraero III,440.0,59376.0,,Boss1,[],249346516.0,"[""Mage's Ballad""]",
53980,55140,Fleche,480.0,64762.0,,Boss1,[],296636354.0,"[""Mage's Ballad""]",
55091,55721,Enchanted Riposte,340.0,45878.0,,Boss1,[],148871152.0,"[""Mage's Ballad""]",
56591,57221,Enchanted Zwerchhau,380.0,51264.0,,Boss1,[],185860023.0,"[""Mage's Ballad""]",
57591,58123,Auto,90.0,0.0,,Boss1,[],0.0,"[""Mage's Ballad""]",
57091,58351,Veraero III,440.0,59376.0,,Boss1,[],249346516.0,"[""Mage's Ballad""]",
58091,58721,Enchanted Redoublement,560.0,75536.0,,Boss1,[],403520292.0,"[""Mage's Ballad""]",
61031,61563,Auto,90.0,0.0,,Boss1,[],0.0,"[""Mage's Ballad""]",
60291,61721,Verflare,650.0,87736.0,,Boss1,[],544380497.0,"[""Mage's Ballad""]",
62781,64611,Scorch,750.0,101235.0,,Boss1,[],724795578.0,"[""Mage's Ballad""]",
64471,65003,Auto,90.0,0.0,,Boss1,[],0.0,"[""Mage's Ballad""]",
65971,66601,Corps-a-corps,130.0,17518.0,,Boss1,[],21707467.0,"[""Mage's Ballad""]",
65271,66831,Resolution,850.0,114733.0,,Boss1,[],930960453.0,"[""Mage's Ballad""]",
66771,67351,Engagement,180.0,24267.0,,Boss1,[],41651472.0,"[""Mage's Ballad""]",
67911,68443,Auto,90.0,0.0,,Boss1,[],0.0,"[""Mage's Ballad""]",
67761,68561,Verfire,380.0,51264.0,,Boss1,[],185860023.0,"[""Mage's Ballad""]",
74232,75532,Verstone,380.0,51264.0,,Boss1,[],185860023.0,"[""Mage's Ballad""]",
75242,75774,Auto,90.0,0.0,,Boss1,[],0.0,"[""Mage's Ballad""]",
75932,75932,Acceleration,,,,,,,[],
74742,76002,Veraero III,440.0,59376.0,,Boss1,[],249346516.0,"[""Mage's Ballad""]",
77722,78482,Verthunder III,440.0,59376.0,,Boss1,['Dualcast'],249346516.0,"['Dualcast', ""Mage's Ballad""]",
78422,79582,Contre Sixte,420.0,56650.0,,Boss1,[],226976894.0,"[""Mage's Ballad""]",
79122,80282,Fleche,480.0,64762.0,,Boss1,[],296636354.0,"[""Mage's Ballad""]",
80222,80754,Auto,90.0,0.0,,Boss1,[],0.0,"[""Mage's Ballad""]",
79722,80982,Veraero III,440.0,59376.0,,Boss1,[],249346516.0,"[""Mage's Ballad""]",
80212,81012,Verstone,380.0,51264.0,,Boss1,[],185860023.0,"[""Mage's Ballad""]",
81762,81762,Army's Paeon,,,,,,,[],
86682,87982,Verfire,380.0,51107.0,,Boss1,[],185465278.0,"[""Army's Paeon""]",
87692,88224,Auto,90.0,0.0,,Boss1,[],0.0,"[""Army's Paeon""]",
87192,88452,Veraero III,440.0,59195.0,,Boss1,[],248807624.0,"[""Army's Paeon""]",
90172,90972,Verfire,380.0,51107.0,,Boss1,[],185465278.0,"[""Army's Paeon""]",
92672,93204,Auto,90.0,0.0,,Boss1,[],0.0,"[""Army's Paeon""]",
92172,93432,Verthunder III,440.0,59195.0,,Boss1,[],248807624.0,"[""Army's Paeon""]",
96642,97942,Verstone,380.0,51107.0,,Boss1,[],185465278.0,"[""Army's Paeon""]",
97652,98184,Auto,90.0,0.0,,Boss1,[],0.0,"[""Army's Paeon""]",
97152,98412,Veraero III,440.0,59195.0,,Boss1,[],248807624.0,"[""Army's Paeon""]",
100132,100932,Verfire,380.0,51107.0,,Boss1,[],185465278.0,"[""Army's Paeon""]",
102632,103164,Auto,90.0,0.0,,Boss1,[],0.0,"[""Army's Paeon""]",
102132,103392,Verthunder III,440.0,59195.0,,Boss1,[],248807624.0,"[""Army's Paeon""]",
104122,105282,Fleche,480.0,64564.0,,Boss1,[],295998992.0,"[""Army's Paeon""]",
105812,105812,Swiftcast,,,,,,,[],
105112,106662,Grand Impact,600.0,80740.0,,Boss1,[],462878307.0,"[""Army's Paeon""]",
107612,108144,Auto,90.0,0.0,,Boss1,[],0.0,"[""Army's Paeon""]",
107602,108362,Veraero III,440.0,59195.0,,Boss1,[],248807624.0,"[""Army's Paeon""]",
107112,108372,Veraero III,440.0,59195.0,,Boss1,['Dualcast'],248807624.0,"[""Army's Paeon"", 'Dualcast']",
110092,110722,Enchanted Riposte,340.0,45738.0,,Boss1,[],148550645.0,"[""Army's Paeon""]",
111052,111584,Auto,90.0,0.0,,Boss1,[],0.0,"[""Army's Paeon""]",
111592,112222,Enchanted Zwerchhau,380.0,51107.0,,Boss1,[],185465278.0,"[""Army's Paeon""]",
113092,113722,Enchanted Redoublement,560.0,75305.0,,Boss1,[],402660348.0,"[""Army's Paeon""]",
113792,114952,Contre Sixte,420.0,56477.0,,Boss1,[],226487730.0,"[""Army's Paeon""]",
114492,115024,Auto,90.0,0.0,,Boss1,[],0.0,"[""Army's Paeon""]",
115292,116722,Verholy,650.0,87467.0,,Boss1,[],543226424.0,"[""Army's Paeon""]",
117932,118464,Auto,90.0,0.0,,Boss1,[],0.0,"[""Army's Paeon""]",
117782,119612,Scorch,750.0,100924.0,,Boss1,[],723247995.0,"[""Army's Paeon""]",
120782,120782,The Wanderer's Minuet,,,,,,,[],
120973,120973,Manafication,,,,,,,[],
120273,121833,Resolution,850.0,114381.0,,Boss1,[],928984308.0,"[""Army's Paeon""]",
121372,121904,Auto,90.0,0.0,,Boss1,[],0.0,"[""The Wanderer's Minuet""]",
122763,123393,Enchanted Riposte,340.0,45910.0,,Boss1,[],151586059.0,"[""The Wanderer's Minuet""]",
124263,124893,Enchanted Zwerchhau,380.0,51299.0,,Boss1,[],189255196.0,"[""The Wanderer's Minuet""]",
125195,125195,Battle Voice,,,,,,,[],125815.0
125222,125222,Chain Stratagem,,,,,,,[],126022.0
124812,125344,Auto,90.0,0.0,,Boss1,[],0.0,"[""The Wanderer's Minuet""]",
125419,125419,Brotherhood,,,,,,,[],126219.0
125582,125582,Dokumori,,,,,,,[],
125582,125582,Dokumori,,,,,,,[],
125582,125582,Dokumori,,,,,,,[],
125815,125815,Radiant Finale,,,,,,,[],126440.0
125763,126393,Enchanted Redoublement,560.0,79367.0,,Boss1,[],453001196.0,"['Dokumori', ""The Wanderer's Minuet""]",
126463,126463,Embolden,,,,,,,[],127123.0
127163,127793,Corps-a-corps,130.0,22562.0,,Boss1,[],37643621.0,"['Battle Voice', 'Brotherhood', 'Chain Stratagem', 'Dokumori', 'Radiant Finale', ""The Wanderer's Minuet""]",
128252,128784,Auto,90.0,0.0,,Boss1,[],0.0,"['Battle Voice', 'Brotherhood', 'Chain Stratagem', 'Dokumori', 'Radiant Finale', ""The Wanderer's Minuet""]",
128663,129243,Engagement,180.0,31254.0,,Boss1,[],72226601.0,"['Battle Voice', 'Brotherhood', 'Chain Stratagem', 'Dokumori', 'Radiant Finale', ""The Wanderer's Minuet""]",
127963,129393,Verflare,650.0,124295.0,,Boss1,[],1142255473.0,"['Battle Voice', 'Brotherhood', 'Chain Stratagem', 'Dokumori', 'Embolden', 'Radiant Finale', ""The Wanderer's Minuet""]",
129363,130523,Fleche,480.0,83408.0,,Boss1,[],514393120.0,"['Battle Voice', 'Brotherhood', 'Chain Stratagem', 'Dokumori', 'Radiant Finale', ""The Wanderer's Minuet""]",
131692,132224,Auto,90.0,0.0,,Boss1,[],0.0,"['Battle Voice', 'Brotherhood', 'Chain Stratagem', 'Dokumori', 'Radiant Finale', ""The Wanderer's Minuet""]",
130453,132283,Scorch,750.0,143419.0,,Boss1,[],1520817597.0,"['Battle Voice', 'Brotherhood', 'Chain Stratagem', 'Dokumori', 'Embolden', 'Radiant Finale', ""The Wanderer's Minuet""]",
131853,132483,Corps-a-corps,130.0,22562.0,,Boss1,[],37643621.0,"['Battle Voice', 'Brotherhood', 'Chain Stratagem', 'Dokumori', 'Radiant Finale', ""The Wanderer's Minuet""]",
131153,132573,Prefulgence,1200.0,229473.0,,Boss1,[],3893391897.0,"['Battle Voice', 'Brotherhood', 'Chain Stratagem', 'Dokumori', 'Embolden', 'Radiant Finale', ""The Wanderer's Minuet""]",
133643,134443,Vice of Thorns,950.0,181665.0,,Boss1,[],2440088725.0,"['Battle Voice', 'Brotherhood', 'Chain Stratagem', 'Dokumori', 'Embolden', 'Radiant Finale', ""The Wanderer's Minuet""]",
132943,134503,Resolution,850.0,162541.0,,Boss1,[],1953402696.0,"['Battle Voice', 'Brotherhood', 'Chain Stratagem', 'Dokumori', 'Embolden', 'Radiant Finale', ""The Wanderer's Minuet""]",
134343,134923,Engagement,180.0,31254.0,,Boss1,[],72226601.0,"['Battle Voice', 'Brotherhood', 'Chain Stratagem', 'Dokumori', 'Radiant Finale', ""The Wanderer's Minuet""]",
135132,135664,Auto,90.0,0.0,,Boss1,[],0.0,"['Battle Voice', 'Brotherhood', 'Chain Stratagem', 'Dokumori', 'Radiant Finale', ""The Wanderer's Minuet""]",
135433,136063,Enchanted Riposte,340.0,64996.0,,Boss1,[],312372034.0,"['Battle Voice', 'Brotherhood', 'Chain Stratagem', 'Dokumori', 'Embolden', 'Radiant Finale', ""The Wanderer's Minuet""]",
136933,137563,Enchanted Zwerchhau,380.0,72626.0,,Boss1,[],389988105.0,"['Battle Voice', 'Brotherhood', 'Chain Stratagem', 'Dokumori', 'Embolden', 'Radiant Finale', ""The Wanderer's Minuet""]",
138433,139063,Enchanted Redoublement,560.0,107012.0,,Boss1,[],846674044.0,"['Battle Voice', 'Brotherhood', 'Chain Stratagem', 'Dokumori', 'Embolden', 'Radiant Finale', ""The Wanderer's Minuet""]",
138572,139104,Auto,90.0,0.0,,Boss1,[],0.0,"['Battle Voice', 'Brotherhood', 'Chain Stratagem', 'Dokumori', 'Radiant Finale', ""The Wanderer's Minuet""]",
140633,142063,Verflare,650.0,124295.0,,Boss1,[],1142255473.0,"['Battle Voice', 'Brotherhood', 'Chain Stratagem', 'Dokumori', 'Embolden', 'Radiant Finale', ""The Wanderer's Minuet""]",
142012,142544,Auto,90.0,0.0,,Boss1,[],0.0,"['Battle Voice', 'Brotherhood', 'Chain Stratagem', 'Dokumori', 'Radiant Finale', ""The Wanderer's Minuet""]",
143123,144953,Scorch,750.0,143419.0,,Boss1,[],1520817597.0,"['Battle Voice', 'Brotherhood', 'Chain Stratagem', 'Dokumori', 'Embolden', 'Radiant Finale', ""The Wanderer's Minuet""]",
145452,145984,Auto,90.0,0.0,,Boss1,[],0.0,"['Battle Voice', 'Brotherhood', 'Chain Stratagem', 'Dokumori', 'Radiant Finale', ""The Wanderer's Minuet""]",
146313,146313,Acceleration,,,,,,,[],
145613,147173,Resolution,850.0,162541.0,,Boss1,[],1953402696.0,"['Battle Voice', 'Brotherhood', 'Chain Stratagem', 'Dokumori', 'Embolden', 'Radiant Finale', ""The Wanderer's Minuet""]",
148103,148863,Veraero III,440.0,59417.0,,Boss1,[],253891568.0,"[""The Wanderer's Minuet""]",
148892,149424,Auto,90.0,0.0,,Boss1,[],0.0,"[""The Wanderer's Minuet""]",
148803,149963,Contre Sixte,420.0,56689.0,,Boss1,[],231115816.0,"[""The Wanderer's Minuet""]",
152583,153115,Auto,90.0,0.0,,Boss1,[],0.0,"[""The Wanderer's Minuet""]",
152083,153383,Verstone,380.0,51299.0,,Boss1,[],189255196.0,"[""The Wanderer's Minuet""]",
153083,153843,Veraero III,440.0,59417.0,,Boss1,[],253891568.0,"[""The Wanderer's Minuet""]",
154363,155523,Fleche,480.0,64807.0,,Boss1,[],302047173.0,"[""The Wanderer's Minuet""]",
157563,158095,Auto,90.0,0.0,,Boss1,[],0.0,"[""The Wanderer's Minuet""]",
157063,158363,Verstone,380.0,51299.0,,Boss1,[],189255196.0,"[""The Wanderer's Minuet""]",
158063,158823,Veraero III,440.0,59417.0,,Boss1,[],253891568.0,"[""The Wanderer's Minuet""]",
162543,163075,Auto,90.0,0.0,,Boss1,[],0.0,"[""The Wanderer's Minuet""]",
162043,163343,Verfire,380.0,51299.0,,Boss1,[],189255196.0,"[""The Wanderer's Minuet""]",
163743,163743,Swiftcast,,,,,,,[],
163043,163803,Verthunder III,440.0,59417.0,,Boss1,[],253891568.0,"[""The Wanderer's Minuet""]",
165002,165002,Mage's Ballad,,,,,,,[],
165533,166293,Verthunder III,440.0,59376.0,,Boss1,[],249346516.0,"[""Mage's Ballad""]",
165983,166515,Auto,90.0,0.0,,Boss1,[],0.0,"[""Mage's Ballad""]",
168024,169574,Grand Impact,600.0,80988.0,,Boss1,[],463861055.0,"[""Mage's Ballad""]",
169423,169955,Auto,90.0,0.0,,Boss1,[],0.0,"[""Mage's Ballad""]",
170514,171314,Jolt III,360.0,48539.0,,Boss1,[],166633636.0,"[""Mage's Ballad""]",
172863,173395,Auto,90.0,0.0,,Boss1,[],0.0,"[""Mage's Ballad""]",
173704,173704,Acceleration,,,,,,,[],
175494,176254,Veraero III,440.0,59376.0,,Boss1,[],249346516.0,"[""Mage's Ballad""]",
176194,176824,Corps-a-corps,130.0,17518.0,,Boss1,[],21707467.0,"[""Mage's Ballad""]",
176994,177574,Engagement,180.0,24267.0,,Boss1,[],41651472.0,"[""Mage's Ballad""]",
177994,178526,Auto,90.0,0.0,,Boss1,[],0.0,"[""Mage's Ballad""]",
177494,178754,Verthunder III,440.0,59376.0,,Boss1,[],249346516.0,"[""Mage's Ballad""]",
177984,179534,Grand Impact,600.0,80988.0,,Boss1,[],463861055.0,"[""Mage's Ballad""]",
179363,180523,Fleche,480.0,64762.0,,Boss1,[],296636354.0,"[""Mage's Ballad""]",
180474,181274,Verstone,380.0,51264.0,,Boss1,[],185860023.0,"[""Mage's Ballad""]",
181434,181966,Auto,90.0,0.0,,Boss1,[],0.0,"[""Mage's Ballad""]",
183803,184963,Contre Sixte,420.0,56650.0,,Boss1,[],226976894.0,"[""Mage's Ballad""]",
185454,186084,Enchanted Riposte,340.0,45878.0,,Boss1,[],148871152.0,"[""Mage's Ballad""]",
186954,187584,Enchanted Zwerchhau,380.0,51264.0,,Boss1,[],185860023.0,"[""Mage's Ballad""]",
187954,188486,Auto,90.0,0.0,,Boss1,[],0.0,"[""Mage's Ballad""]",
187454,188714,Veraero III,440.0,59376.0,,Boss1,[],249346516.0,"[""Mage's Ballad""]",
188454,189084,Enchanted Redoublement,560.0,75536.0,,Boss1,[],403520292.0,"[""Mage's Ballad""]",
191394,191926,Auto,90.0,0.0,,Boss1,[],0.0,"[""Mage's Ballad""]",
190654,192084,Verflare,650.0,87736.0,,Boss1,[],544380497.0,"[""Mage's Ballad""]",
193144,194974,Scorch,750.0,101235.0,,Boss1,[],724795578.0,"[""Mage's Ballad""]",
194834,195366,Auto,90.0,0.0,,Boss1,[],0.0,"[""Mage's Ballad""]",
195634,197194,Resolution,850.0,114733.0,,Boss1,[],930960453.0,"[""Mage's Ballad""]",
198274,198806,Auto,90.0,0.0,,Boss1,[],0.0,"[""Mage's Ballad""]",
198124,198924,Verstone,380.0,51264.0,,Boss1,[],185860023.0,"[""Mage's Ballad""]",
202353,202353,Army's Paeon,,,,,,,[],
204594,205894,Verfire,380.0,51107.0,,Boss1,[],185465278.0,"[""Army's Paeon""]",
205604,206136,Auto,90.0,0.0,,Boss1,[],0.0,"[""Army's Paeon""]",
205104,206364,Veraero III,440.0,59195.0,,Boss1,[],248807624.0,"[""Army's Paeon""]",
206994,206994,Swiftcast,,,,,,,[],
206294,207454,Fleche,480.0,64564.0,,Boss1,[],295998992.0,"[""Army's Paeon""]",
208084,208844,Veraero III,440.0,59195.0,,Boss1,['Dualcast'],248807624.0,"[""Army's Paeon"", 'Dualcast']",
210584,211116,Auto,90.0,0.0,,Boss1,[],0.0,"[""Army's Paeon""]",
210084,211344,Verthunder III,440.0,59195.0,,Boss1,[],248807624.0,"[""Army's Paeon""]",
210574,211374,Jolt III,360.0,48391.0,,Boss1,[],166276780.0,"[""Army's Paeon""]",
217044,218344,Verfire,380.0,51107.0,,Boss1,[],185465278.0,"[""Army's Paeon""]",
218054,218586,Auto,90.0,0.0,,Boss1,[],0.0,"[""Army's Paeon""]",
217554,218814,Verthunder III,440.0,59195.0,,Boss1,[],248807624.0,"[""Army's Paeon""]",
218803,219963,Contre Sixte,420.0,56477.0,,Boss1,[],226487730.0,"[""Army's Paeon""]",
220535,221335,Verstone,380.0,51107.0,,Boss1,[],185465278.0,"[""Army's Paeon""]",
223035,223567,Auto,90.0,0.0,,Boss1,[],0.0,"[""Army's Paeon""]",
223725,223725,Acceleration,,,,,,,[],
222535,223795,Veraero III,440.0,59195.0,,Boss1,[],248807624.0,"[""Army's Paeon""]",
225515,226275,Veraero III,440.0,59195.0,,Boss1,['Dualcast'],248807624.0,"[""Army's Paeon"", 'Dualcast']",
226215,226845,Corps-a-corps,130.0,17465.0,,Boss1,[],21661013.0,"[""Army's Paeon""]",
227015,227595,Engagement,180.0,24194.0,,Boss1,[],41560936.0,"[""Army's Paeon""]",
228015,228547,Auto,90.0,0.0,,Boss1,[],0.0,"[""Army's Paeon""]",
227515,228775,Verthunder III,440.0,59195.0,,Boss1,[],248807624.0,"[""Army's Paeon""]",
229495,230795,Verstone,380.0,51107.0,,Boss1,[],185465278.0,"[""Army's Paeon""]",
230495,231255,Verthunder III,440.0,59195.0,,Boss1,[],248807624.0,"[""Army's Paeon""]",
231455,231987,Auto,90.0,0.0,,Boss1,[],0.0,"[""Army's Paeon""]",
231994,231994,Manafication,,,,,,,[],
231294,232454,Fleche,480.0,64564.0,,Boss1,[],295998992.0,"[""Army's Paeon""]",
232985,234535,Grand Impact,600.0,80740.0,,Boss1,[],462878307.0,"[""Army's Paeon""]",
234895,235427,Auto,90.0,0.0,,Boss1,[],0.0,"[""Army's Paeon""]",
236965,238265,Jolt III,360.0,48391.0,,Boss1,[],166276780.0,"[""Army's Paeon""]",
237965,238725,Verthunder III,440.0,59195.0,,Boss1,[],248807624.0,"[""Army's Paeon""]",
238335,238867,Auto,90.0,0.0,,Boss1,[],0.0,"[""Army's Paeon""]",
240953,240953,The Wanderer's Minuet,,,,,,,[],
242445,242977,Auto,90.0,0.0,,Boss1,[],0.0,"[""The Wanderer's Minuet""]",
241945,243245,Verfire,380.0,51299.0,,Boss1,[],189255196.0,"[""The Wanderer's Minuet""]",
242945,243575,Enchanted Riposte,340.0,45910.0,,Boss1,[],151586059.0,"[""The Wanderer's Minuet""]",
244445,245075,Enchanted Zwerchhau,380.0,51299.0,,Boss1,[],189255196.0,"[""The Wanderer's Minuet""]",
245224,245224,Chain Stratagem,,,,,,,[],246024.0
245366,245366,Battle Voice,,,,,,,[],245986.0
245582,245582,Dokumori,,,,,,,[],
245582,245582,Dokumori,,,,,,,[],
245582,245582,Dokumori,,,,,,,[],
245705,245705,Brotherhood,,,,,,,[],246505.0
245986,245986,Radiant Finale,,,,,,,[],246611.0
245885,246417,Auto,90.0,0.0,,Boss1,[],0.0,"['Dokumori', ""The Wanderer's Minuet""]",
245945,246575,Enchanted Redoublement,560.0,79367.0,,Boss1,[],453001196.0,"['Dokumori', ""The Wanderer's Minuet""]",
246645,246645,Embolden,,,,,,,[],247305.0
247345,248765,Prefulgence,1200.0,229473.0,,Boss1,[],3893391897.0,"['Battle Voice', 'Brotherhood', 'Chain Stratagem', 'Dokumori', 'Embolden', 'Radiant Finale', ""The Wanderer's Minuet""]",
248845,249475,Corps-a-corps,130.0,22562.0,,Boss1,[],37643621.0,"['Battle Voice', 'Brotherhood', 'Chain Stratagem', 'Dokumori', 'Radiant Finale', ""The Wanderer's Minuet""]",
248145,249575,Verholy,650.0,124295.0,,Boss1,[],1142255473.0,"['Battle Voice', 'Brotherhood', 'Chain Stratagem', 'Dokumori', 'Embolden', 'Radiant Finale', ""The Wanderer's Minuet""]",
249325,249857,Auto,90.0,0.0,,Boss1,[],0.0,"['Battle Voice', 'Brotherhood', 'Chain Stratagem', 'Dokumori', 'Radiant Finale', ""The Wanderer's Minuet""]",
249645,250225,Engagement,180.0,31254.0,,Boss1,[],72226601.0,"['Battle Voice', 'Brotherhood', 'Chain Stratagem', 'Dokumori', 'Radiant Finale', ""The Wanderer's Minuet""]",
251335,252135,Vice of Thorns,950.0,181665.0,,Boss1,[],2440088725.0,"['Battle Voice', 'Brotherhood', 'Chain Stratagem', 'Dokumori', 'Embolden', 'Radiant Finale', ""The Wanderer's Minuet""]",
250635,252465,Scorch,750.0,143419.0,,Boss1,[],1520817597.0,"['Battle Voice', 'Brotherhood', 'Chain Stratagem', 'Dokumori', 'Embolden', 'Radiant Finale', ""The Wanderer's Minuet""]",
252765,253297,Auto,90.0,0.0,,Boss1,[],0.0,"['Battle Voice', 'Brotherhood', 'Chain Stratagem', 'Dokumori', 'Radiant Finale', ""The Wanderer's Minuet""]",
253125,254685,Resolution,850.0,162541.0,,Boss1,[],1953402696.0,"['Battle Voice', 'Brotherhood', 'Chain Stratagem', 'Dokumori', 'Embolden', 'Radiant Finale', ""The Wanderer's Minuet""]",
253825,254985,Contre Sixte,420.0,72960.0,,Boss1,[],393586961.0,"['Battle Voice', 'Brotherhood', 'Chain Stratagem', 'Dokumori', 'Radiant Finale', ""The Wanderer's Minuet""]",
255615,256245,Enchanted Riposte,340.0,64996.0,,Boss1,[],312372034.0,"['Battle Voice', 'Brotherhood', 'Chain Stratagem', 'Dokumori', 'Embolden', 'Radiant Finale', ""The Wanderer's Minuet""]",
256205,256737,Auto,90.0,0.0,,Boss1,[],0.0,"['Battle Voice', 'Brotherhood', 'Chain Stratagem', 'Dokumori', 'Radiant Finale', ""The Wanderer's Minuet""]",
256315,257475,Fleche,480.0,83408.0,,Boss1,[],514393120.0,"['Battle Voice', 'Brotherhood', 'Chain Stratagem', 'Dokumori', 'Radiant Finale', ""The Wanderer's Minuet""]",
257115,257745,Enchanted Zwerchhau,380.0,72626.0,,Boss1,[],389988105.0,"['Battle Voice', 'Brotherhood', 'Chain Stratagem', 'Dokumori', 'Embolden', 'Radiant Finale', ""The Wanderer's Minuet""]",
258615,259245,Enchanted Redoublement,560.0,107012.0,,Boss1,[],846674044.0,"['Battle Voice', 'Brotherhood', 'Chain Stratagem', 'Dokumori', 'Embolden', 'Radiant Finale', ""The Wanderer's Minuet""]",
259645,260177,Auto,90.0,0.0,,Boss1,[],0.0,"['Battle Voice', 'Brotherhood', 'Chain Stratagem', 'Dokumori', 'Radiant Finale', ""The Wanderer's Minuet""]",
260815,262245,Verflare,650.0,124295.0,,Boss1,[],1142255473.0,"['Battle Voice', 'Brotherhood', 'Chain Stratagem', 'Dokumori', 'Embolden', 'Radiant Finale', ""The Wanderer's Minuet""]",
263085,263617,Auto,90.0,0.0,,Boss1,[],0.0,"['Battle Voice', 'Brotherhood', 'Chain Stratagem', 'Dokumori', 'Radiant Finale', ""The Wanderer's Minuet""]",
263305,265135,Scorch,750.0,143419.0,,Boss1,[],1520817597.0,"['Battle Voice', 'Brotherhood', 'Chain Stratagem', 'Dokumori', 'Embolden', 'Radiant Finale', ""The Wanderer's Minuet""]",
266525,267057,Auto,90.0,0.0,,Boss1,[],0.0,"['Dokumori', 'Radiant Finale', ""The Wanderer's Minuet""]",
265795,267355,Resolution,850.0,162541.0,,Boss1,[],1953402696.0,"['Battle Voice', 'Brotherhood', 'Chain Stratagem', 'Dokumori', 'Embolden', 'Radiant Finale', ""The Wanderer's Minuet""]",
270276,270808,Auto,90.0,0.0,,Boss1,[],0.0,"[""The Wanderer's Minuet""]",
269776,271076,Verstone,380.0,51299.0,,Boss1,[],189255196.0,"[""The Wanderer's Minuet""]",
270776,271536,Veraero III,440.0,59417.0,,Boss1,[],253891568.0,"[""The Wanderer's Minuet""]",
275256,275788,Auto,90.0,0.0,,Boss1,[],0.0,"[""The Wanderer's Minuet""]",
274756,276056,Verfire,380.0,51299.0,,Boss1,[],189255196.0,"[""The Wanderer's Minuet""]",
275756,276516,Verthunder III,440.0,59417.0,,Boss1,[],253891568.0,"[""The Wanderer's Minuet""]",
280236,280768,Auto,90.0,0.0,,Boss1,[],0.0,"[""The Wanderer's Minuet""]",
279736,281036,Verstone,380.0,51299.0,,Boss1,[],189255196.0,"[""The Wanderer's Minuet""]",
280736,281496,Veraero III,440.0,59417.0,,Boss1,[],253891568.0,"[""The Wanderer's Minuet""]",
281436,282596,Fleche,480.0,64807.0,,Boss1,[],302047173.0,"[""The Wanderer's Minuet""]",
285002,285002,Mage's Ballad,,,,,,,[],
285216,285748,Auto,90.0,0.0,,Boss1,[],0.0,"[""Mage's Ballad""]",
284716,286016,Verfire,380.0,51299.0,,Boss1,[],189255196.0,"[""The Wanderer's Minuet""]",
285716,286476,Verthunder III,440.0,59376.0,,Boss1,[],249346516.0,"[""Mage's Ballad""]",
286416,286996,Engagement,180.0,24267.0,,Boss1,[],41651472.0,"[""Mage's Ballad""]",
287116,287116,Acceleration,,,,,,,[],
288206,288966,Veraero III,440.0,59376.0,,Boss1,[],249346516.0,"[""Mage's Ballad""]",
288656,289188,Auto,90.0,0.0,,Boss1,[],0.0,"[""Mage's Ballad""]",
288906,290066,Contre Sixte,420.0,56650.0,,Boss1,[],226976894.0,"[""Mage's Ballad""]",
292686,293218,Auto,90.0,0.0,,Boss1,[],0.0,"[""Mage's Ballad""]",
292186,293486,Verfire,380.0,51264.0,,Boss1,[],185860023.0,"[""Mage's Ballad""]",
293186,293946,Verthunder III,440.0,59376.0,,Boss1,[],249346516.0,"[""Mage's Ballad""]",
296126,296658,Auto,90.0,0.0,,Boss1,[],0.0,"[""Mage's Ballad""]",
295676,297226,Grand Impact,600.0,80988.0,,Boss1,[],463861055.0,"[""Mage's Ballad""]",
300156,300688,Auto,90.0,0.0,,Boss1,[],0.0,"[""Mage's Ballad""]",
299656,300956,Verstone,380.0,51264.0,,Boss1,[],185860023.0,"[""Mage's Ballad""]",
300656,301416,Verthunder III,440.0,59376.0,,Boss1,[],249346516.0,"[""Mage's Ballad""]",
301356,301986,Corps-a-corps,130.0,17518.0,,Boss1,[],21707467.0,"[""Mage's Ballad""]",
303146,303776,Enchanted Riposte,340.0,45878.0,,Boss1,[],148871152.0,"[""Mage's Ballad""]",
303596,304128,Auto,90.0,0.0,,Boss1,[],0.0,"[""Mage's Ballad""]",
304646,305276,Enchanted Zwerchhau,380.0,51264.0,,Boss1,[],185860023.0,"[""Mage's Ballad""]",
306146,306776,Enchanted Redoublement,560.0,75536.0,,Boss1,[],403520292.0,"[""Mage's Ballad""]",
307036,307568,Auto,90.0,0.0,,Boss1,[],0.0,"[""Mage's Ballad""]",
306846,308006,Fleche,480.0,64762.0,,Boss1,[],296636354.0,"[""Mage's Ballad""]",
308346,309776,Verholy,650.0,87736.0,,Boss1,[],544380497.0,"[""Mage's Ballad""]",
310476,311008,Auto,90.0,0.0,,Boss1,[],0.0,"[""Mage's Ballad""]",
310836,312666,Scorch,750.0,101235.0,,Boss1,[],724795578.0,"[""Mage's Ballad""]",
313916,314448,Auto,90.0,0.0,,Boss1,[],0.0,"[""Mage's Ballad""]",
313326,314886,Resolution,850.0,114733.0,,Boss1,[],930960453.0,"[""Mage's Ballad""]",
317806,318338,Auto,90.0,0.0,,Boss1,[],0.0,"[""Mage's Ballad""]",
317306,318606,Verstone,380.0,51264.0,,Boss1,[],185860023.0,"[""Mage's Ballad""]",
318307,319067,Veraero III,440.0,59376.0,,Boss1,[],249346516.0,"[""Mage's Ballad""]",
322353,322353,Army's Paeon,,,,,,,[],
322787,323319,Auto,90.0,0.0,,Boss1,[],0.0,"[""Army's Paeon""]",
322287,323587,Verfire,380.0,51264.0,,Boss1,[],185860023.0,"[""Mage's Ballad""]",
323287,324047,Verthunder III,440.0,59195.0,,Boss1,[],248807624.0,"[""Army's Paeon""]",
323987,325147,Contre Sixte,420.0,56477.0,,Boss1,[],226487730.0,"[""Army's Paeon""]",
327767,328299,Auto,90.0,0.0,,Boss1,[],0.0,"[""Army's Paeon""]",
327267,328567,Verfire,380.0,51107.0,,Boss1,[],185465278.0,"[""Army's Paeon""]",
328267,329027,Veraero III,440.0,59195.0,,Boss1,[],248807624.0,"[""Army's Paeon""]",
328967,329547,Engagement,180.0,24194.0,,Boss1,[],41560936.0,"[""Army's Paeon""]",
329667,329667,Swiftcast,,,,,,,[],
330757,331517,Verthunder III,440.0,59195.0,,Boss1,[],248807624.0,"[""Army's Paeon""]",
331207,331739,Auto,90.0,0.0,,Boss1,[],0.0,"[""Army's Paeon""]",
331846,333006,Fleche,480.0,64564.0,,Boss1,[],295998992.0,"[""Army's Paeon""]",
333247,334047,Verstone,380.0,51107.0,,Boss1,[],185465278.0,"[""Army's Paeon""]",
334647,335179,Auto,90.0,0.0,,Boss1,[],0.0,"[""Army's Paeon""]",
336437,337067,Corps-a-corps,130.0,17465.0,,Boss1,[],21661013.0,"[""Army's Paeon""]",
339717,341017,Verfire,380.0,51107.0,,Boss1,[],185465278.0,"[""Army's Paeon""]",
340727,341259,Auto,90.0,0.0,,Boss1,[],0.0,"[""Army's Paeon""]",
340227,341487,Veraero III,440.0,59195.0,,Boss1,[],248807624.0,"[""Army's Paeon""]",
343207,344007,Verstone,380.0,51107.0,,Boss1,[],185465278.0,"[""Army's Paeon""]",
345707,346239,Auto,90.0,0.0,,Boss1,[],0.0,"[""Army's Paeon""]",
345207,346467,Verthunder III,440.0,59195.0,,Boss1,[],248807624.0,"[""Army's Paeon""]",
349677,350977,Verfire,380.0,51107.0,,Boss1,[],185465278.0,"[""Army's Paeon""]",
350687,351219,Auto,90.0,0.0,,Boss1,[],0.0,"[""Army's Paeon""]",
350187,351447,Veraero III,440.0,59195.0,,Boss1,[],248807624.0,"[""Army's Paeon""]",
353167,353797,Enchanted Riposte,340.0,45738.0,,Boss1,[],148550645.0,"[""Army's Paeon""]",
354667,355297,Enchanted Zwerchhau,380.0,51107.0,,Boss1,[],185465278.0,"[""Army's Paeon""]",
355667,356199,Auto,90.0,0.0,,Boss1,[],0.0,"[""Army's Paeon""]",
355167,356427,Verthunder III,440.0,59195.0,,Boss1,[],248807624.0,"[""Army's Paeon""]",
356167,356797,Enchanted Redoublement,560.0,75305.0,,Boss1,[],402660348.0,"[""Army's Paeon""]",
356867,356867,Grade 4 Gemdraught,,,,,,,[],
357567,358727,Fleche,480.0,69863.0,,Boss1,[],346588776.0,"[""Army's Paeon"", 'Grade 4 Gemdraught']",
359107,359639,Auto,90.0,0.0,,Boss1,[],0.0,"[""Army's Paeon"", 'Grade 4 Gemdraught']",
358367,359797,Verholy,650.0,94645.0,,Boss1,[],636049996.0,"[""Army's Paeon"", 'Grade 4 Gemdraught']",
359067,360227,Contre Sixte,420.0,61111.0,,Boss1,[],265186927.0,"[""Army's Paeon"", 'Grade 4 Gemdraught']",
360953,360953,The Wanderer's Minuet,,,,,,,[],
360857,362687,Scorch,750.0,109206.0,,Boss1,[],846830874.0,"[""Army's Paeon"", 'Grade 4 Gemdraught']",
362547,363079,Auto,90.0,0.0,,Boss1,[],0.0,"['Grade 4 Gemdraught', ""The Wanderer's Minuet""]",
364047,364047,Manafication,,,,,,,[],
363347,364907,Resolution,850.0,124233.0,,Boss1,[],1109938726.0,"['Grade 4 Gemdraught', ""The Wanderer's Minuet""]",
365226,365226,Chain Stratagem,,,,,,,[],366026.0
365366,365366,Battle Voice,,,,,,,[],365986.0
365986,365986,Radiant Finale,,,,,,,[],366611.0
365991,365991,Brotherhood,,,,,,,[],366791.0
366089,366089,Dokumori,,,,,,,[],
366089,366089,Dokumori,,,,,,,[],
366089,366089,Dokumori,,,,,,,[],
365837,366467,Enchanted Riposte,340.0,49677.0,,Boss1,[],177478117.0,"['Grade 4 Gemdraught', ""The Wanderer's Minuet""]",
365987,366519,Auto,90.0,0.0,,Boss1,[],0.0,"['Battle Voice', 'Grade 4 Gemdraught', ""The Wanderer's Minuet""]",
366645,366645,Embolden,,,,,,,[],367305.0
367345,367975,Enchanted Zwerchhau,380.0,78586.0,,Boss1,[],456615662.0,"['Battle Voice', 'Brotherhood', 'Chain Stratagem', 'Dokumori', 'Embolden', 'Grade 4 Gemdraught', 'Radiant Finale', ""The Wanderer's Minuet""]",
368845,369475,Enchanted Redoublement,560.0,115792.0,,Boss1,[],991352019.0,"['Battle Voice', 'Brotherhood', 'Chain Stratagem', 'Dokumori', 'Embolden', 'Grade 4 Gemdraught', 'Radiant Finale', ""The Wanderer's Minuet""]",
369427,369959,Auto,90.0,0.0,,Boss1,[],0.0,"['Battle Voice', 'Brotherhood', 'Chain Stratagem', 'Dokumori', 'Grade 4 Gemdraught', 'Radiant Finale', ""The Wanderer's Minuet""]",
369545,370175,Corps-a-corps,130.0,24415.0,,Boss1,[],44079468.0,"['Battle Voice', 'Brotherhood', 'Chain Stratagem', 'Dokumori', 'Grade 4 Gemdraught', 'Radiant Finale', ""The Wanderer's Minuet""]",
371745,372325,Engagement,180.0,33819.0,,Boss1,[],84564068.0,"['Battle Voice', 'Brotherhood', 'Chain Stratagem', 'Dokumori', 'Grade 4 Gemdraught', 'Radiant Finale', ""The Wanderer's Minuet""]",
371045,372475,Verflare,650.0,134495.0,,Boss1,[],1337460377.0,"['Battle Voice', 'Brotherhood', 'Chain Stratagem', 'Dokumori', 'Embolden', 'Grade 4 Gemdraught', 'Radiant Finale', ""The Wanderer's Minuet""]",
372867,373399,Auto,90.0,0.0,,Boss1,[],0.0,"['Battle Voice', 'Brotherhood', 'Chain Stratagem', 'Dokumori', 'Grade 4 Gemdraught', 'Radiant Finale', ""The Wanderer's Minuet""]",
374235,375035,Vice of Thorns,950.0,196571.0,,Boss1,[],2857020074.0,"['Battle Voice', 'Brotherhood', 'Chain Stratagem', 'Dokumori', 'Embolden', 'Grade 4 Gemdraught', 'Radiant Finale', ""The Wanderer's Minuet""]",
373535,375365,Scorch,750.0,155187.0,,Boss1,[],1780685363.0,"['Battle Voice', 'Brotherhood', 'Chain Stratagem', 'Dokumori', 'Embolden', 'Grade 4 Gemdraught', 'Radiant Finale', ""The Wanderer's Minuet""]",
376307,376839,Auto,90.0,0.0,,Boss1,[],0.0,"['Battle Voice', 'Brotherhood', 'Chain Stratagem', 'Dokumori', 'Grade 4 Gemdraught', 'Radiant Finale', ""The Wanderer's Minuet""]",
376025,377585,Resolution,850.0,175880.0,,Boss1,[],2287171968.0,"['Battle Voice', 'Brotherhood', 'Chain Stratagem', 'Dokumori', 'Embolden', 'Grade 4 Gemdraught', 'Radiant Finale', ""The Wanderer's Minuet""]",
377425,378055,Corps-a-corps,130.0,24415.0,,Boss1,[],44079468.0,"['Battle Voice', 'Brotherhood', 'Chain Stratagem', 'Dokumori', 'Grade 4 Gemdraught', 'Radiant Finale', ""The Wanderer's Minuet""]",
376725,378145,Prefulgence,1200.0,248303.0,,Boss1,[],4558532543.0,"['Battle Voice', 'Brotherhood', 'Chain Stratagem', 'Dokumori', 'Embolden', 'Grade 4 Gemdraught', 'Radiant Finale', ""The Wanderer's Minuet""]",
378515,379145,Enchanted Riposte,340.0,70329.0,,Boss1,[],365716730.0,"['Battle Voice', 'Brotherhood', 'Chain Stratagem', 'Dokumori', 'Embolden', 'Grade 4 Gemdraught', 'Radiant Finale', ""The Wanderer's Minuet""]",
379747,380279,Auto,90.0,0.0,,Boss1,[],0.0,"['Battle Voice', 'Brotherhood', 'Chain Stratagem', 'Dokumori', 'Grade 4 Gemdraught', 'Radiant Finale', ""The Wanderer's Minuet""]",
380015,380645,Enchanted Zwerchhau,380.0,78586.0,,Boss1,[],456615662.0,"['Battle Voice', 'Brotherhood', 'Chain Stratagem', 'Dokumori', 'Embolden', 'Grade 4 Gemdraught', 'Radiant Finale', ""The Wanderer's Minuet""]",
380715,380715,Acceleration,,,,,,,[],
381515,382145,Enchanted Redoublement,560.0,115792.0,,Boss1,[],991352019.0,"['Battle Voice', 'Brotherhood', 'Chain Stratagem', 'Dokumori', 'Embolden', 'Grade 4 Gemdraught', 'Radiant Finale', ""The Wanderer's Minuet""]",
383187,383719,Auto,90.0,0.0,,Boss1,[],0.0,"['Battle Voice', 'Brotherhood', 'Chain Stratagem', 'Dokumori', 'Grade 4 Gemdraught', 'Radiant Finale', ""The Wanderer's Minuet""]",
382567,383727,Fleche,480.0,90254.0,,Boss1,[],602303160.0,"['Battle Voice', 'Brotherhood', 'Chain Stratagem', 'Dokumori', 'Grade 4 Gemdraught', 'Radiant Finale', ""The Wanderer's Minuet""]",
384415,384995,Engagement,180.0,33819.0,,Boss1,[],84564068.0,"['Battle Voice', 'Brotherhood', 'Chain Stratagem', 'Dokumori', 'Grade 4 Gemdraught', 'Radiant Finale', ""The Wanderer's Minuet""]",
383715,385145,Verholy,650.0,134495.0,,Boss1,[],1337460377.0,"['Battle Voice', 'Brotherhood', 'Chain Stratagem', 'Dokumori', 'Embolden', 'Grade 4 Gemdraught', 'Radiant Finale', ""The Wanderer's Minuet""]",
386627,387159,Auto,90.0,0.0,,Boss1,[],0.0,"['Brotherhood', 'Dokumori', 'Grade 4 Gemdraught', ""The Wanderer's Minuet""]",
386205,388035,Scorch,750.0,140913.0,,Boss1,[],1428040035.0,"['Brotherhood', 'Dokumori', 'Embolden', 'Grade 4 Gemdraught', 'Radiant Finale', ""The Wanderer's Minuet""]",
388696,390256,Resolution,850.0,114811.0,,Boss1,[],947967150.0,"[""The Wanderer's Minuet""]",
390067,390599,Auto,90.0,0.0,,Boss1,[],0.0,"[""The Wanderer's Minuet""]",
391186,392736,Grand Impact,600.0,81043.0,,Boss1,[],472336948.0,"[""The Wanderer's Minuet""]",
393507,394039,Auto,90.0,0.0,,Boss1,[],0.0,"[""The Wanderer's Minuet""]",
393676,394436,Verthunder III,440.0,59417.0,,Boss1,[],253891568.0,"[""The Wanderer's Minuet""]",
394376,395536,Contre Sixte,420.0,56689.0,,Boss1,[],231115816.0,"[""The Wanderer's Minuet""]",
398156,398688,Auto,90.0,0.0,,Boss1,[],0.0,"[""The Wanderer's Minuet""]",
397656,398956,Verstone,380.0,51299.0,,Boss1,[],189255196.0,"[""The Wanderer's Minuet""]",
398656,399416,Veraero III,440.0,59417.0,,Boss1,[],253891568.0,"[""The Wanderer's Minuet""]",
403136,403668,Auto,90.0,0.0,,Boss1,[],0.0,"[""The Wanderer's Minuet""]",
402636,403936,Verfire,380.0,51299.0,,Boss1,[],189255196.0,"[""The Wanderer's Minuet""]",
404336,404336,Swiftcast,,,,,,,[],
403636,404396,Verthunder III,440.0,59417.0,,Boss1,[],253891568.0,"[""The Wanderer's Minuet""]",
405002,405002,Mage's Ballad,,,,,,,[],
406126,406886,Verthunder III,440.0,59376.0,,Boss1,[],249346516.0,"[""Mage's Ballad""]",
406576,407108,Auto,90.0,0.0,,Boss1,[],0.0,"[""Mage's Ballad""]",
407567,408727,Fleche,480.0,64762.0,,Boss1,[],296636354.0,"[""Mage's Ballad""]",
408616,409416,Verstone,380.0,51264.0,,Boss1,[],185860023.0,"[""Mage's Ballad""]",
410016,410548,Auto,90.0,0.0,,Boss1,[],0.0,"[""Mage's Ballad""]",
415086,416386,Verfire,380.0,51264.0,,Boss1,[],185860023.0,"[""Mage's Ballad""]",
416096,416628,Auto,90.0,0.0,,Boss1,[],0.0,"[""Mage's Ballad""]",
415596,416856,Veraero III,440.0,59376.0,,Boss1,[],249346516.0,"[""Mage's Ballad""]",
418576,419376,Verstone,380.0,51264.0,,Boss1,[],185860023.0,"[""Mage's Ballad""]",
421076,421608,Auto,90.0,0.0,,Boss1,[],0.0,"[""Mage's Ballad""]",
421766,421766,Acceleration,,,,,,,[],
420576,421836,Verthunder III,440.0,59376.0,,Boss1,[],249346516.0,"[""Mage's Ballad""]",
423556,424316,Verthunder III,440.0,59376.0,,Boss1,['Dualcast'],249346516.0,"['Dualcast', ""Mage's Ballad""]",
424256,424836,Engagement,180.0,24267.0,,Boss1,[],41651472.0,"[""Mage's Ballad""]",
424956,425586,Corps-a-corps,130.0,17518.0,,Boss1,[],21707467.0,"[""Mage's Ballad""]",
426056,426588,Auto,90.0,0.0,,Boss1,[],0.0,"[""Mage's Ballad""]",
425556,426816,Veraero III,440.0,59376.0,,Boss1,[],249346516.0,"[""Mage's Ballad""]",
427536,428836,Verstone,380.0,51264.0,,Boss1,[],185860023.0,"[""Mage's Ballad""]",
428536,429296,Veraero III,440.0,59376.0,,Boss1,[],249346516.0,"[""Mage's Ballad""]",
429496,430028,Auto,90.0,0.0,,Boss1,[],0.0,"[""Mage's Ballad""]",
429376,430536,Contre Sixte,420.0,56650.0,,Boss1,[],226976894.0,"[""Mage's Ballad""]",
431026,432576,Grand Impact,600.0,80988.0,,Boss1,[],463861055.0,"[""Mage's Ballad""]",
432936,433468,Auto,90.0,0.0,,Boss1,[],0.0,"[""Mage's Ballad""]",
432567,433727,Fleche,480.0,64762.0,,Boss1,[],296636354.0,"[""Mage's Ballad""]",
435006,436306,Verfire,380.0,51264.0,,Boss1,[],185860023.0,"[""Mage's Ballad""]",
436006,436766,Verthunder III,440.0,59376.0,,Boss1,[],249346516.0,"[""Mage's Ballad""]",
436376,436908,Auto,90.0,0.0,,Boss1,[],0.0,"[""Mage's Ballad""]",
440487,441019,Auto,90.0,0.0,,Boss1,[],0.0,"[""Mage's Ballad""]",
439987,441287,Verstone,380.0,51264.0,,Boss1,[],185860023.0,"[""Mage's Ballad""]",
440987,441747,Veraero III,440.0,59376.0,,Boss1,[],249346516.0,"[""Mage's Ballad""]",
442353,442353,Army's Paeon,,,,,,,[],
443477,444107,Enchanted Riposte,340.0,45738.0,,Boss1,[],148550645.0,"[""Army's Paeon""]",
443927,444459,Auto,90.0,0.0,,Boss1,[],0.0,"[""Army's Paeon""]",
444977,445607,Enchanted Zwerchhau,380.0,51107.0,,Boss1,[],185465278.0,"[""Army's Paeon""]",
446477,447107,Enchanted Redoublement,560.0,75305.0,,Boss1,[],402660348.0,"[""Army's Paeon""]",
447367,447899,Auto,90.0,0.0,,Boss1,[],0.0,"[""Army's Paeon""]",
448677,450107,Verflare,650.0,87467.0,,Boss1,[],543226424.0,"[""Army's Paeon""]",
450807,451339,Auto,90.0,0.0,,Boss1,[],0.0,"[""Army's Paeon""]",
451167,452997,Scorch,750.0,100924.0,,Boss1,[],723247995.0,"[""Army's Paeon""]",
454357,454357,Acceleration,,,,,,,[],
454247,454779,Auto,90.0,0.0,,Boss1,[],0.0,"[""Army's Paeon""]",
453657,455217,Resolution,850.0,114381.0,,Boss1,[],928984308.0,"[""Army's Paeon""]",
456147,456907,Verthunder III,440.0,59195.0,,Boss1,[],248807624.0,"[""Army's Paeon""]",
457687,458219,Auto,90.0,0.0,,Boss1,[],0.0,"[""Army's Paeon""]",
457567,458727,Fleche,480.0,64564.0,,Boss1,[],295998992.0,"[""Army's Paeon""]",
460127,461427,Verstone,380.0,51107.0,,Boss1,[],185465278.0,"[""Army's Paeon""]",
461127,461659,Auto,90.0,0.0,,Boss1,[],0.0,"[""Army's Paeon""]",
461127,461887,Veraero III,440.0,59195.0,,Boss1,[],248807624.0,"[""Army's Paeon""]",
464567,465099,Auto,90.0,0.0,,Boss1,[],0.0,"[""Army's Paeon""]",
463617,465167,Grand Impact,600.0,80740.0,,Boss1,[],462878307.0,"[""Army's Paeon""]",
464376,465536,Contre Sixte,420.0,56477.0,,Boss1,[],226487730.0,"[""Army's Paeon""]",
468097,468629,Auto,90.0,0.0,,Boss1,[],0.0,"[""Army's Paeon""]",
467597,468897,Verfire,380.0,51107.0,,Boss1,[],185465278.0,"[""Army's Paeon""]",
468597,469357,Verthunder III,440.0,59195.0,,Boss1,[],248807624.0,"[""Army's Paeon""]",
469297,469877,Engagement,180.0,24194.0,,Boss1,[],41560936.0,"[""Army's Paeon""]",
473077,473609,Auto,90.0,0.0,,Boss1,[],0.0,"[""Army's Paeon""]",
472577,473877,Verstone,380.0,51107.0,,Boss1,[],185465278.0,"[""Army's Paeon""]",
473577,474337,Veraero III,440.0,59195.0,,Boss1,[],248807624.0,"[""Army's Paeon""]",
474277,474907,Corps-a-corps,130.0,17465.0,,Boss1,[],21661013.0,"[""Army's Paeon""]",
478057,478589,Auto,90.0,0.0,,Boss1,[],0.0,"[""Army's Paeon""]",
477557,478857,Verfire,380.0,51107.0,,Boss1,[],185465278.0,"[""Army's Paeon""]",
479257,479257,Swiftcast,,,,,,,[],
478557,479317,Verthunder III,440.0,59195.0,,Boss1,[],248807624.0,"[""Army's Paeon""]",
480953,480953,The Wanderer's Minuet,,,,,,,[],
481047,481807,Verthunder III,440.0,59417.0,,Boss1,[],253891568.0,"[""The Wanderer's Minuet""]",
481497,482029,Auto,90.0,0.0,,Boss1,[],0.0,"[""The Wanderer's Minuet""]",
482567,483727,Fleche,480.0,64807.0,,Boss1,[],302047173.0,"[""The Wanderer's Minuet""]",
483537,484167,Enchanted Riposte,340.0,45910.0,,Boss1,[],151586059.0,"[""The Wanderer's Minuet""]",
485228,485228,Chain Stratagem,,,,,,,[],486028.0
485366,485366,Battle Voice,,,,,,,[],485986.0
484937,485469,Auto,90.0,0.0,,Boss1,[],0.0,"[""The Wanderer's Minuet""]",
485037,485667,Enchanted Zwerchhau,380.0,51299.0,,Boss1,[],189255196.0,"[""The Wanderer's Minuet""]",
485986,485986,Radiant Finale,,,,,,,[],486611.0
486089,486089,Dokumori,,,,,,,[],
486089,486089,Dokumori,,,,,,,[],
486089,486089,Dokumori,,,,,,,[],
486277,486277,Brotherhood,,,,,,,[],487077.0
486538,487168,Enchanted Redoublement,560.0,87406.0,,Boss1,[],564862986.0,"['Battle Voice', 'Chain Stratagem', 'Dokumori', ""The Wanderer's Minuet""]",
487238,487238,Embolden,,,,,,,[],487898.0
487938,487938,Manafication,,,,,,,[],
488377,488909,Auto,90.0,0.0,,Boss1,[],0.0,"['Battle Voice', 'Brotherhood', 'Chain Stratagem', 'Dokumori', 'Radiant Finale', ""The Wanderer's Minuet""]",
488738,490168,Verholy,650.0,124295.0,,Boss1,[],1142255473.0,"['Battle Voice', 'Brotherhood', 'Chain Stratagem', 'Dokumori', 'Embolden', 'Radiant Finale', ""The Wanderer's Minuet""]",
491817,492349,Auto,90.0,0.0,,Boss1,[],0.0,"['Battle Voice', 'Brotherhood', 'Chain Stratagem', 'Dokumori', 'Radiant Finale', ""The Wanderer's Minuet""]",
491228,493058,Scorch,750.0,143419.0,,Boss1,[],1520817597.0,"['Battle Voice', 'Brotherhood', 'Chain Stratagem', 'Dokumori', 'Embolden', 'Radiant Finale', ""The Wanderer's Minuet""]",
491928,493348,Prefulgence,1200.0,229473.0,,Boss1,[],3893391897.0,"['Battle Voice', 'Brotherhood', 'Chain Stratagem', 'Dokumori', 'Embolden', 'Radiant Finale', ""The Wanderer's Minuet""]",
494418,495218,Vice of Thorns,950.0,181665.0,,Boss1,[],2440088725.0,"['Battle Voice', 'Brotherhood', 'Chain Stratagem', 'Dokumori', 'Embolden', 'Radiant Finale', ""The Wanderer's Minuet""]",
493718,495278,Resolution,850.0,162541.0,,Boss1,[],1953402696.0,"['Battle Voice', 'Brotherhood', 'Chain Stratagem', 'Dokumori', 'Embolden', 'Radiant Finale', ""The Wanderer's Minuet""]",
495118,495748,Corps-a-corps,130.0,22562.0,,Boss1,[],37643621.0,"['Battle Voice', 'Brotherhood', 'Chain Stratagem', 'Dokumori', 'Radiant Finale', ""The Wanderer's Minuet""]",
495257,495789,Auto,90.0,0.0,,Boss1,[],0.0,"['Battle Voice', 'Brotherhood', 'Chain Stratagem', 'Dokumori', 'Radiant Finale', ""The Wanderer's Minuet""]",
496208,496838,Enchanted Riposte,340.0,64996.0,,Boss1,[],312372034.0,"['Battle Voice', 'Brotherhood', 'Chain Stratagem', 'Dokumori', 'Embolden', 'Radiant Finale', ""The Wanderer's Minuet""]",
497708,498338,Enchanted Zwerchhau,380.0,72626.0,,Boss1,[],389988105.0,"['Battle Voice', 'Brotherhood', 'Chain Stratagem', 'Dokumori', 'Embolden', 'Radiant Finale', ""The Wanderer's Minuet""]",
498697,499229,Auto,90.0,0.0,,Boss1,[],0.0,"['Battle Voice', 'Brotherhood', 'Chain Stratagem', 'Dokumori', 'Radiant Finale', ""The Wanderer's Minuet""]",
499208,499838,Enchanted Redoublement,560.0,107012.0,,Boss1,[],846674044.0,"['Battle Voice', 'Brotherhood', 'Chain Stratagem', 'Dokumori', 'Embolden', 'Radiant Finale', ""The Wanderer's Minuet""]",
499908,501068,Contre Sixte,420.0,72960.0,,Boss1,[],393586961.0,"['Battle Voice', 'Brotherhood', 'Chain Stratagem', 'Dokumori', 'Radiant Finale', ""The Wanderer's Minuet""]",
502137,502669,Auto,90.0,0.0,,Boss1,[],0.0,"['Battle Voice', 'Brotherhood', 'Chain Stratagem', 'Dokumori', 'Radiant Finale', ""The Wanderer's Minuet""]",
501408,502838,Verflare,650.0,124295.0,,Boss1,[],1142255473.0,"['Battle Voice', 'Brotherhood', 'Chain Stratagem', 'Dokumori', 'Embolden', 'Radiant Finale', ""The Wanderer's Minuet""]",
503898,505728,Scorch,750.0,143419.0,,Boss1,[],1520817597.0,"['Battle Voice', 'Brotherhood', 'Chain Stratagem', 'Dokumori', 'Embolden', 'Radiant Finale', ""The Wanderer's Minuet""]",
505577,506109,Auto,90.0,0.0,,Boss1,[],0.0,"['Battle Voice', 'Brotherhood', 'Chain Stratagem', 'Dokumori', 'Radiant Finale', ""The Wanderer's Minuet""]",
506388,507948,Resolution,850.0,147591.0,,Boss1,[],1566553056.0,"['Brotherhood', 'Dokumori', 'Embolden', 'Radiant Finale', ""The Wanderer's Minuet""]",
507567,508727,Fleche,480.0,64807.0,,Boss1,[],302047173.0,"[""The Wanderer's Minuet""]",
510868,511400,Auto,90.0,0.0,,Boss1,[],0.0,"[""The Wanderer's Minuet""]",
510368,511668,Verstone,380.0,51299.0,,Boss1,[],189255196.0,"[""The Wanderer's Minuet""]",
511368,512128,Veraero III,440.0,59417.0,,Boss1,[],253891568.0,"[""The Wanderer's Minuet""]",
512068,512648,Engagement,180.0,24284.0,,Boss1,[],42410102.0,"[""The Wanderer's Minuet""]",
515847,516379,Auto,90.0,0.0,,Boss1,[],0.0,"[""The Wanderer's Minuet""]",
515347,516647,Verfire,380.0,51299.0,,Boss1,[],189255196.0,"[""The Wanderer's Minuet""]",
516347,517107,Verthunder III,440.0,59417.0,,Boss1,[],253891568.0,"[""The Wanderer's Minuet""]",
520827,521359,Auto,90.0,0.0,,Boss1,[],0.0,"[""The Wanderer's Minuet""]",
520327,521627,Verstone,380.0,51299.0,,Boss1,[],189255196.0,"[""The Wanderer's Minuet""]",
521328,522088,Veraero III,440.0,59417.0,,Boss1,[],253891568.0,"[""The Wanderer's Minuet""]",
522028,522658,Corps-a-corps,130.0,17531.0,,Boss1,[],22103553.0,"[""The Wanderer's Minuet""]",
525002,525002,Mage's Ballad,,,,,,,[],
525808,526340,Auto,90.0,0.0,,Boss1,[],0.0,"[""Mage's Ballad""]",
525308,526608,Verfire,380.0,51264.0,,Boss1,[],185860023.0,"[""Mage's Ballad""]",
527008,527008,Acceleration,,,,,,,[],
526308,527068,Verthunder III,440.0,59376.0,,Boss1,[],249346516.0,"[""Mage's Ballad""]",
529248,529780,Auto,90.0,0.0,,Boss1,[],0.0,"[""Mage's Ballad""]",
528798,530348,Grand Impact,600.0,80988.0,,Boss1,[],463861055.0,"[""Mage's Ballad""]",
531288,532048,Verthunder III,440.0,59376.0,,Boss1,[],249346516.0,"[""Mage's Ballad""]",
532688,533220,Auto,90.0,0.0,,Boss1,[],0.0,"[""Mage's Ballad""]",
532567,533727,Fleche,480.0,64762.0,,Boss1,[],296636354.0,"[""Mage's Ballad""]",
533778,534408,Enchanted Riposte,340.0,45878.0,,Boss1,[],148871152.0,"[""Mage's Ballad""]",
535278,535908,Enchanted Zwerchhau,380.0,51264.0,,Boss1,[],185860023.0,"[""Mage's Ballad""]",
536128,536660,Auto,90.0,0.0,,Boss1,[],0.0,"[""Mage's Ballad""]",
535978,537138,Contre Sixte,420.0,56650.0,,Boss1,[],226976894.0,"[""Mage's Ballad""]",
536779,537409,Enchanted Redoublement,560.0,75536.0,,Boss1,[],403520292.0,"[""Mage's Ballad""]",
539568,540100,Auto,90.0,0.0,,Boss1,[],0.0,"[""Mage's Ballad""]",
538979,540409,Verholy,650.0,87736.0,,Boss1,[],544380497.0,"[""Mage's Ballad""]",
541469,543299,Scorch,750.0,101235.0,,Boss1,[],724795578.0,"[""Mage's Ballad""]",
543008,543540,Auto,90.0,0.0,,Boss1,[],0.0,"[""Mage's Ballad""]",
544659,545239,Engagement,180.0,24267.0,,Boss1,[],41651472.0,"[""Mage's Ballad""]",
543959,545519,Resolution,850.0,114733.0,,Boss1,[],930960453.0,"[""Mage's Ballad""]",
546448,546980,Auto,90.0,0.0,,Boss1,[],0.0,"[""Mage's Ballad""]",
547939,549239,Verfire,380.0,51264.0,,Boss1,[],185860023.0,"[""Mage's Ballad""]",
548939,549699,Verthunder III,440.0,59376.0,,Boss1,[],249346516.0,"[""Mage's Ballad""]",
549888,550420,Auto,90.0,0.0,,Boss1,[],0.0,"[""Mage's Ballad""]",
553419,553951,Auto,90.0,0.0,,Boss1,[],0.0,"[""Mage's Ballad""]",
552919,554219,Verstone,380.0,51264.0,,Boss1,[],185860023.0,"[""Mage's Ballad""]",
554619,554619,Swiftcast,,,,,,,[],
553919,554679,Veraero III,440.0,59376.0,,Boss1,[],249346516.0,"[""Mage's Ballad""]",
556409,557169,Veraero III,440.0,59376.0,,Boss1,[],249346516.0,"[""Mage's Ballad""]",
556859,557391,Auto,90.0,0.0,,Boss1,[],0.0,"[""Mage's Ballad""]",
557567,558727,Fleche,480.0,64762.0,,Boss1,[],296636354.0,"[""Mage's Ballad""]",
558899,559699,Verstone,380.0,51264.0,,Boss1,[],185860023.0,"[""Mage's Ballad""]",
560299,560831,Auto,90.0,0.0,,Boss1,[],0.0,"[""Mage's Ballad""]",
562353,562353,Army's Paeon,,,,,,,[],
565369,566669,Verfire,380.0,51107.0,,Boss1,[],185465278.0,"[""Army's Paeon""]",
566379,566911,Auto,90.0,0.0,,Boss1,[],0.0,"[""Army's Paeon""]",
565879,567139,Verthunder III,440.0,59195.0,,Boss1,[],248807624.0,"[""Army's Paeon""]",
568859,569659,Verfire,380.0,51107.0,,Boss1,[],185465278.0,"[""Army's Paeon""]",
571359,571891,Auto,90.0,0.0,,Boss1,[],0.0,"[""Army's Paeon""]",
570859,572119,Verthunder III,440.0,59195.0,,Boss1,[],248807624.0,"[""Army's Paeon""]",
572049,573209,Contre Sixte,420.0,56477.0,,Boss1,[],226487730.0,"[""Army's Paeon""]",
575329,576629,Verstone,380.0,51107.0,,Boss1,[],185465278.0,"[""Army's Paeon""]",
576339,576871,Auto,90.0,0.0,,Boss1,[],0.0,"[""Army's Paeon""]",
577029,577029,Acceleration,,,,,,,[],
575839,577099,Veraero III,440.0,59195.0,,Boss1,[],248807624.0,"[""Army's Paeon""]",
578819,579579,Verthunder III,440.0,59195.0,,Boss1,['Dualcast'],248807624.0,"[""Army's Paeon"", 'Dualcast']",
579519,580149,Corps-a-corps,130.0,17465.0,,Boss1,[],21661013.0,"[""Army's Paeon""]",
580319,580899,Engagement,180.0,24194.0,,Boss1,[],41560936.0,"[""Army's Paeon""]",
581319,581851,Auto,90.0,0.0,,Boss1,[],0.0,"[""Army's Paeon""]",
580819,582079,Veraero III,440.0,59195.0,,Boss1,[],248807624.0,"[""Army's Paeon""]",
581309,582859,Grand Impact,600.0,80740.0,,Boss1,[],462878307.0,"[""Army's Paeon""]",
582567,583727,Fleche,480.0,64564.0,,Boss1,[],295998992.0,"[""Army's Paeon""]",
583799,584429,Enchanted Riposte,340.0,45738.0,,Boss1,[],148550645.0,"[""Army's Paeon""]",
584759,585291,Auto,90.0,0.0,,Boss1,[],0.0,"[""Army's Paeon""]",
585299,585929,Enchanted Zwerchhau,380.0,51107.0,,Boss1,[],185465278.0,"[""Army's Paeon""]",
586800,587430,Enchanted Redoublement,560.0,75305.0,,Boss1,[],402660348.0,"[""Army's Paeon""]",
588199,588731,Auto,90.0,0.0,,Boss1,[],0.0,"[""Army's Paeon""]",
589000,590430,Verholy,650.0,87467.0,,Boss1,[],543226424.0,"[""Army's Paeon""]",
591639,592171,Auto,90.0,0.0,,Boss1,[],0.0,"[""Army's Paeon""]",
591490,593320,Scorch,750.0,100924.0,,Boss1,[],723247995.0,"[""Army's Paeon""]",
593980,595540,Resolution,850.0,114381.0,,Boss1,[],928984308.0,"[""Army's Paeon""]",
595079,595611,Auto,90.0,0.0,,Boss1,[],0.0,"[""Army's Paeon""]",
598519,599051,Auto,90.0,0.0,,Boss1,[],0.0,"[""Army's Paeon""]",
597960,599260,Verfire,380.0,51107.0,,Boss1,[],185465278.0,"[""Army's Paeon""]",
599660,599660,Manafication,,,,,,,[],
598960,599720,Verthunder III,440.0,59195.0,,Boss1,[],248807624.0,"[""Army's Paeon""]",
601739,601739,The Wanderer's Minuet,,,,,,,[],
603440,603972,Auto,90.0,0.0,,Boss1,[],0.0,"[""The Wanderer's Minuet""]",
602940,604240,Verstone,380.0,51299.0,,Boss1,[],189255196.0,"[""The Wanderer's Minuet""]",
603940,604700,Veraero III,440.0,59417.0,,Boss1,[],253891568.0,"[""The Wanderer's Minuet""]",
605230,605230,Chain Stratagem,,,,,,,[],606030.0
606089,606089,Dokumori,,,,,,,[],
606089,606089,Dokumori,,,,,,,[],
606089,606089,Dokumori,,,,,,,[],
606152,606152,Battle Voice,,,,,,,[],606772.0
606562,606562,Brotherhood,,,,,,,[],607362.0
606772,606772,Radiant Finale,,,,,,,[],607397.0
606430,607060,Enchanted Riposte,340.0,50753.0,,Boss1,[],190486063.0,"['Chain Stratagem', 'Dokumori', ""The Wanderer's Minuet""]",
607238,607238,Embolden,,,,,,,[],607898.0
606880,607412,Auto,90.0,0.0,,Boss1,[],0.0,"['Battle Voice', 'Chain Stratagem', 'Dokumori', ""The Wanderer's Minuet""]",
607938,608568,Enchanted Zwerchhau,380.0,72626.0,,Boss1,[],389988105.0,"['Battle Voice', 'Brotherhood', 'Chain Stratagem', 'Dokumori', 'Embolden', 'Radiant Finale', ""The Wanderer's Minuet""]",
608638,609798,Fleche,480.0,83408.0,,Boss1,[],514393120.0,"['Battle Voice', 'Brotherhood', 'Chain Stratagem', 'Dokumori', 'Radiant Finale', ""The Wanderer's Minuet""]",
609438,610068,Enchanted Redoublement,560.0,107012.0,,Boss1,[],846674044.0,"['Battle Voice', 'Brotherhood', 'Chain Stratagem', 'Dokumori', 'Embolden', 'Radiant Finale', ""The Wanderer's Minuet""]",
610320,610852,Auto,90.0,0.0,,Boss1,[],0.0,"['Battle Voice', 'Brotherhood', 'Chain Stratagem', 'Dokumori', 'Radiant Finale', ""The Wanderer's Minuet""]",
610138,611298,Contre Sixte,420.0,72960.0,,Boss1,[],393586961.0,"['Battle Voice', 'Brotherhood', 'Chain Stratagem', 'Dokumori', 'Radiant Finale', ""The Wanderer's Minuet""]",
611638,613068,Verflare,650.0,124295.0,,Boss1,[],1142255473.0,"['Battle Voice', 'Brotherhood', 'Chain Stratagem', 'Dokumori', 'Embolden', 'Radiant Finale', ""The Wanderer's Minuet""]",
612338,613758,Prefulgence,1200.0,229473.0,,Boss1,[],3893391897.0,"['Battle Voice', 'Brotherhood', 'Chain Stratagem', 'Dokumori', 'Embolden', 'Radiant Finale', ""The Wanderer's Minuet""]",
613038,613838,Vice of Thorns,950.0,181665.0,,Boss1,[],2440088725.0,"['Battle Voice', 'Brotherhood', 'Chain Stratagem', 'Dokumori', 'Embolden', 'Radiant Finale', ""The Wanderer's Minuet""]",
613760,614292,Auto,90.0,0.0,,Boss1,[],0.0,"['Battle Voice', 'Brotherhood', 'Chain Stratagem', 'Dokumori', 'Radiant Finale', ""The Wanderer's Minuet""]",
614828,615458,Corps-a-corps,130.0,22562.0,,Boss1,[],37643621.0,"['Battle Voice', 'Brotherhood', 'Chain Stratagem', 'Dokumori', 'Radiant Finale', ""The Wanderer's Minuet""]",
614128,615958,Scorch,750.0,143419.0,,Boss1,[],1520817597.0,"['Battle Voice', 'Brotherhood', 'Chain Stratagem', 'Dokumori', 'Embolden', 'Radiant Finale', ""The Wanderer's Minuet""]",
615628,616208,Engagement,180.0,31254.0,,Boss1,[],72226601.0,"['Battle Voice', 'Brotherhood', 'Chain Stratagem', 'Dokumori', 'Radiant Finale', ""The Wanderer's Minuet""]",
617200,617732,Auto,90.0,0.0,,Boss1,[],0.0,"['Battle Voice', 'Brotherhood', 'Chain Stratagem', 'Dokumori', 'Radiant Finale', ""The Wanderer's Minuet""]",
617318,617948,Corps-a-corps,130.0,22562.0,,Boss1,[],37643621.0,"['Battle Voice', 'Brotherhood', 'Chain Stratagem', 'Dokumori', 'Radiant Finale', ""The Wanderer's Minuet""]",
616618,618178,Resolution,850.0,162541.0,,Boss1,[],1953402696.0,"['Battle Voice', 'Brotherhood', 'Chain Stratagem', 'Dokumori', 'Embolden', 'Radiant Finale', ""The Wanderer's Minuet""]",
619108,619738,Enchanted Riposte,340.0,64996.0,,Boss1,[],312372034.0,"['Battle Voice', 'Brotherhood', 'Chain Stratagem', 'Dokumori', 'Embolden', 'Radiant Finale', ""The Wanderer's Minuet""]",
620640,621172,Auto,90.0,0.0,,Boss1,[],0.0,"['Battle Voice', 'Brotherhood', 'Chain Stratagem', 'Dokumori', 'Radiant Finale', ""The Wanderer's Minuet""]",
620608,621238,Enchanted Zwerchhau,380.0,72626.0,,Boss1,[],389988105.0,"['Battle Voice', 'Brotherhood', 'Chain Stratagem', 'Dokumori', 'Embolden', 'Radiant Finale', ""The Wanderer's Minuet""]",
622108,622738,Enchanted Redoublement,560.0,107012.0,,Boss1,[],846674044.0,"['Battle Voice', 'Brotherhood', 'Chain Stratagem', 'Dokumori', 'Embolden', 'Radiant Finale', ""The Wanderer's Minuet""]",
622808,623388,Engagement,180.0,31254.0,,Boss1,[],72226601.0,"['Battle Voice', 'Brotherhood', 'Chain Stratagem', 'Dokumori', 'Radiant Finale', ""The Wanderer's Minuet""]",
624080,624612,Auto,90.0,0.0,,Boss1,[],0.0,"['Battle Voice', 'Brotherhood', 'Chain Stratagem', 'Dokumori', 'Radiant Finale', ""The Wanderer's Minuet""]",
624308,625738,Verholy,650.0,124295.0,,Boss1,[],1142255473.0,"['Battle Voice', 'Brotherhood', 'Chain Stratagem', 'Dokumori', 'Embolden', 'Radiant Finale', ""The Wanderer's Minuet""]",
627520,628052,Auto,90.0,0.0,,Boss1,[],0.0,"[""The Wanderer's Minuet""]",
626798,628628,Scorch,750.0,130227.0,,Boss1,[],1219624775.0,"['Brotherhood', 'Dokumori', 'Embolden', 'Radiant Finale', ""The Wanderer's Minuet""]",
629988,629988,Acceleration,,,,,,,[],
629288,630848,Resolution,850.0,114811.0,,Boss1,[],947967150.0,"[""The Wanderer's Minuet""]",
630960,631492,Auto,90.0,0.0,,Boss1,[],0.0,"[""The Wanderer's Minuet""]",
631778,632538,Verthunder III,440.0,59417.0,,Boss1,[],253891568.0,"[""The Wanderer's Minuet""]",
633638,634798,Fleche,480.0,64807.0,,Boss1,[],302047173.0,"[""The Wanderer's Minuet""]",
636328,636860,Auto,90.0,0.0,,Boss1,[],0.0,"[""The Wanderer's Minuet""]",
635828,637128,Verfire,380.0,51299.0,,Boss1,[],189255196.0,"[""The Wanderer's Minuet""]",
636828,637588,Verthunder III,440.0,59417.0,,Boss1,[],253891568.0,"[""The Wanderer's Minuet""]",
641308,641840,Auto,90.0,0.0,,Boss1,[],0.0,"[""The Wanderer's Minuet""]",
640808,642108,Verstone,380.0,51299.0,,Boss1,[],189255196.0,"[""The Wanderer's Minuet""]",
642508,642508,Swiftcast,,,,,,,[],
641808,642568,Veraero III,440.0,59417.0,,Boss1,[],253891568.0,"[""The Wanderer's Minuet""]",
644298,645058,Verthunder III,440.0,59417.0,,Boss1,[],253891568.0,"[""The Wanderer's Minuet""]",
644748,645280,Auto,90.0,0.0,,Boss1,[],0.0,"[""The Wanderer's Minuet""]",
645579,645579,Mage's Ballad,,,,,,,[],
645138,646298,Contre Sixte,420.0,56689.0,,Boss1,[],231115816.0,"[""The Wanderer's Minuet""]",
646788,648338,Grand Impact,600.0,80988.0,,Boss1,[],463861055.0,"[""Mage's Ballad""]",
648188,648720,Auto,90.0,0.0,,Boss1,[],0.0,"[""Mage's Ballad""]",
649278,649908,Enchanted Riposte,340.0,45878.0,,Boss1,[],148871152.0,"[""Mage's Ballad""]",
650778,651408,Enchanted Zwerchhau,380.0,51264.0,,Boss1,[],185860023.0,"[""Mage's Ballad""]",
651628,652160,Auto,90.0,0.0,,Boss1,[],0.0,"[""Mage's Ballad""]",
652278,652908,Enchanted Redoublement,560.0,75536.0,,Boss1,[],403520292.0,"[""Mage's Ballad""]",
655068,655600,Auto,90.0,0.0,,Boss1,[],0.0,"[""Mage's Ballad""]",
655178,655808,Corps-a-corps,130.0,17518.0,,Boss1,[],21707467.0,"[""Mage's Ballad""]",
654478,655908,Verholy,650.0,87736.0,,Boss1,[],544380497.0,"[""Mage's Ballad""]",
655978,656558,Engagement,180.0,24267.0,,Boss1,[],41651472.0,"[""Mage's Ballad""]",
656968,658798,Scorch,750.0,101235.0,,Boss1,[],724795578.0,"[""Mage's Ballad""]",
658508,659040,Auto,90.0,0.0,,Boss1,[],0.0,"[""Mage's Ballad""]",
658638,659798,Fleche,480.0,64762.0,,Boss1,[],296636354.0,"[""Mage's Ballad""]",
659458,661018,Resolution,850.0,114733.0,,Boss1,[],930960453.0,"[""Mage's Ballad""]",
663938,664470,Auto,90.0,0.0,,Boss1,[],0.0,"[""Mage's Ballad""]",
663438,664738,Verstone,380.0,51264.0,,Boss1,[],185860023.0,"[""Mage's Ballad""]",
664438,665198,Veraero III,440.0,59376.0,,Boss1,[],249346516.0,"[""Mage's Ballad""]",
668918,669450,Auto,90.0,0.0,,Boss1,[],0.0,"[""Mage's Ballad""]",
668418,669718,Verstone,380.0,51264.0,,Boss1,[],185860023.0,"[""Mage's Ballad""]",
669418,670178,Verthunder III,440.0,59376.0,,Boss1,[],249346516.0,"[""Mage's Ballad""]",
673898,674430,Auto,90.0,0.0,,Boss1,[],0.0,"[""Mage's Ballad""]",
673398,674698,Verfire,380.0,51264.0,,Boss1,[],185860023.0,"[""Mage's Ballad""]",
675098,675098,Acceleration,,,,,,,[],
674398,675158,Verthunder III,440.0,59376.0,,Boss1,[],249346516.0,"[""Mage's Ballad""]",
677338,677870,Auto,90.0,0.0,,Boss1,[],0.0,"[""Mage's Ballad""]",
676888,678438,Grand Impact,600.0,80988.0,,Boss1,[],463861055.0,"[""Mage's Ballad""]",
679378,680138,Verthunder III,440.0,59376.0,,Boss1,[],249346516.0,"[""Mage's Ballad""]",
680138,681298,Contre Sixte,420.0,56650.0,,Boss1,[],226976894.0,"[""Mage's Ballad""]",
680778,681310,Auto,90.0,0.0,,Boss1,[],0.0,"[""Mage's Ballad""]",
682930,682930,Army's Paeon,,,,,,,[],
683358,684658,Verfire,380.0,51107.0,,Boss1,[],185465278.0,"[""Army's Paeon""]",
684218,684750,Auto,90.0,0.0,,Boss1,[],0.0,"[""Army's Paeon""]",
684359,685119,Veraero III,440.0,59195.0,,Boss1,[],248807624.0,"[""Army's Paeon""]",
685759,685759,Swiftcast,,,,,,,[],
685059,686219,Fleche,480.0,64564.0,,Boss1,[],295998992.0,"[""Army's Paeon""]",
686849,687609,Verthunder III,440.0,59195.0,,Boss1,[],248807624.0,"[""Army's Paeon""]",
687658,688190,Auto,90.0,0.0,,Boss1,[],0.0,"[""Army's Paeon""]",
689339,690139,Verfire,380.0,51107.0,,Boss1,[],185465278.0,"[""Army's Paeon""]",
691098,691630,Auto,90.0,0.0,,Boss1,[],0.0,"[""Army's Paeon""]",
695809,697109,Verstone,380.0,51107.0,,Boss1,[],185465278.0,"[""Army's Paeon""]",
696819,697351,Auto,90.0,0.0,,Boss1,[],0.0,"[""Army's Paeon""]",
696319,697579,Veraero III,440.0,59195.0,,Boss1,[],248807624.0,"[""Army's Paeon""]",
699299,699929,Enchanted Riposte,340.0,45738.0,,Boss1,[],148550645.0,"[""Army's Paeon""]",
700799,701429,Enchanted Zwerchhau,380.0,51107.0,,Boss1,[],185465278.0,"[""Army's Paeon""]",
701799,702331,Auto,90.0,0.0,,Boss1,[],0.0,"[""Army's Paeon""]",
701299,702559,Veraero III,440.0,59195.0,,Boss1,[],248807624.0,"[""Army's Paeon""]",
702299,702929,Enchanted Redoublement,560.0,75305.0,,Boss1,[],402660348.0,"[""Army's Paeon""]",
705239,705771,Auto,90.0,0.0,,Boss1,[],0.0,"[""Army's Paeon""]",
704499,705929,Verflare,650.0,87467.0,,Boss1,[],543226424.0,"[""Army's Paeon""]",
706989,708819,Scorch,750.0,100924.0,,Boss1,[],723247995.0,"[""Army's Paeon""]",
708679,709211,Auto,90.0,0.0,,Boss1,[],0.0,"[""Army's Paeon""]",
709479,711039,Resolution,850.0,114381.0,,Boss1,[],928984308.0,"[""Army's Paeon""]",
712119,712651,Auto,90.0,0.0,,Boss1,[],0.0,"[""Army's Paeon""]",
711969,712769,Verfire,380.0,51107.0,,Boss1,[],185465278.0,"[""Army's Paeon""]",
715859,715859,Acceleration,,,,,,,[],
715159,716319,Contre Sixte,420.0,56477.0,,Boss1,[],226487730.0,"[""Army's Paeon""]",
717649,717649,Manafication,,,,,,,[],
716949,717709,Veraero III,440.0,59195.0,,Boss1,[],248807624.0,"[""Army's Paeon""]",
718349,718349,Grade 4 Gemdraught,,,,,,,[],
719449,719981,Auto,90.0,0.0,,Boss1,[],0.0,"[""Army's Paeon"", 'Grade 4 Gemdraught']",
719439,720069,Enchanted Riposte,340.0,49491.0,,Boss1,[],173924127.0,"[""Army's Paeon"", 'Grade 4 Gemdraught']",
718949,720209,Veraero III,440.0,59195.0,,Boss1,[],248807624.0,"[""Army's Paeon""]",
720139,721299,Fleche,480.0,69863.0,,Boss1,[],346588776.0,"[""Army's Paeon"", 'Grade 4 Gemdraught']",
720939,721569,Enchanted Zwerchhau,380.0,55301.0,,Boss1,[],217151743.0,"[""Army's Paeon"", 'Grade 4 Gemdraught']",
721739,721739,The Wanderer's Minuet,,,,,,,[],
722439,723069,Enchanted Redoublement,560.0,81790.0,,Boss1,[],481092644.0,"['Grade 4 Gemdraught', ""The Wanderer's Minuet""]",
722889,723421,Auto,90.0,0.0,,Boss1,[],0.0,"['Grade 4 Gemdraught', ""The Wanderer's Minuet""]",
725232,725232,Chain Stratagem,,,,,,,[],726032.0
724639,726069,Verflare,650.0,95000.0,,Boss1,[],649046936.0,"['Grade 4 Gemdraught', ""The Wanderer's Minuet""]",
726089,726089,Dokumori,,,,,,,[],
726089,726089,Dokumori,,,,,,,[],
726089,726089,Dokumori,,,,,,,[],
726152,726152,Battle Voice,,,,,,,[],726772.0
726772,726772,Radiant Finale,,,,,,,[],727397.0
726848,726848,Brotherhood,,,,,,,[],727648.0
726329,726861,Auto,90.0,0.0,,Boss1,[],0.0,"['Chain Stratagem', 'Dokumori', 'Grade 4 Gemdraught', ""The Wanderer's Minuet""]",
727829,727829,Embolden,,,,,,,[],728489.0
727129,728959,Scorch,750.0,126756.0,,Boss1,[],1187978902.0,"['Battle Voice', 'Chain Stratagem', 'Dokumori', 'Grade 4 Gemdraught', ""The Wanderer's Minuet""]",
728529,729159,Corps-a-corps,130.0,24415.0,,Boss1,[],44079468.0,"['Battle Voice', 'Brotherhood', 'Chain Stratagem', 'Dokumori', 'Grade 4 Gemdraught', 'Radiant Finale', ""The Wanderer's Minuet""]",
729769,730301,Auto,90.0,0.0,,Boss1,[],0.0,"['Battle Voice', 'Brotherhood', 'Chain Stratagem', 'Dokumori', 'Grade 4 Gemdraught', 'Radiant Finale', ""The Wanderer's Minuet""]",
730319,730899,Engagement,180.0,33819.0,,Boss1,[],84564068.0,"['Battle Voice', 'Brotherhood', 'Chain Stratagem', 'Dokumori', 'Grade 4 Gemdraught', 'Radiant Finale', ""The Wanderer's Minuet""]",
729619,731179,Resolution,850.0,175880.0,,Boss1,[],2287171968.0,"['Battle Voice', 'Brotherhood', 'Chain Stratagem', 'Dokumori', 'Embolden', 'Grade 4 Gemdraught', 'Radiant Finale', ""The Wanderer's Minuet""]",
732109,732739,Enchanted Riposte,340.0,70329.0,,Boss1,[],365716730.0,"['Battle Voice', 'Brotherhood', 'Chain Stratagem', 'Dokumori', 'Embolden', 'Grade 4 Gemdraught', 'Radiant Finale', ""The Wanderer's Minuet""]",
732809,733439,Corps-a-corps,130.0,24415.0,,Boss1,[],44079468.0,"['Battle Voice', 'Brotherhood', 'Chain Stratagem', 'Dokumori', 'Grade 4 Gemdraught', 'Radiant Finale', ""The Wanderer's Minuet""]",
733209,733741,Auto,90.0,0.0,,Boss1,[],0.0,"['Battle Voice', 'Brotherhood', 'Chain Stratagem', 'Dokumori', 'Grade 4 Gemdraught', 'Radiant Finale', ""The Wanderer's Minuet""]",
733610,734240,Enchanted Zwerchhau,380.0,78586.0,,Boss1,[],456615662.0,"['Battle Voice', 'Brotherhood', 'Chain Stratagem', 'Dokumori', 'Embolden', 'Grade 4 Gemdraught', 'Radiant Finale', ""The Wanderer's Minuet""]",
734310,734890,Engagement,180.0,33819.0,,Boss1,[],84564068.0,"['Battle Voice', 'Brotherhood', 'Chain Stratagem', 'Dokumori', 'Grade 4 Gemdraught', 'Radiant Finale', ""The Wanderer's Minuet""]",
735110,735740,Enchanted Redoublement,560.0,115792.0,,Boss1,[],991352019.0,"['Battle Voice', 'Brotherhood', 'Chain Stratagem', 'Dokumori', 'Embolden', 'Grade 4 Gemdraught', 'Radiant Finale', ""The Wanderer's Minuet""]",
735810,736610,Vice of Thorns,950.0,196571.0,,Boss1,[],2857020074.0,"['Battle Voice', 'Brotherhood', 'Chain Stratagem', 'Dokumori', 'Embolden', 'Grade 4 Gemdraught', 'Radiant Finale', ""The Wanderer's Minuet""]",
736649,737181,Auto,90.0,0.0,,Boss1,[],0.0,"['Battle Voice', 'Brotherhood', 'Chain Stratagem', 'Dokumori', 'Grade 4 Gemdraught', 'Radiant Finale', ""The Wanderer's Minuet""]",
737310,738740,Verholy,650.0,134495.0,,Boss1,[],1337460377.0,"['Battle Voice', 'Brotherhood', 'Chain Stratagem', 'Dokumori', 'Embolden', 'Grade 4 Gemdraught', 'Radiant Finale', ""The Wanderer's Minuet""]",
738010,739430,Prefulgence,1200.0,248303.0,,Boss1,[],4558532543.0,"['Battle Voice', 'Brotherhood', 'Chain Stratagem', 'Dokumori', 'Embolden', 'Grade 4 Gemdraught', 'Radiant Finale', ""The Wanderer's Minuet""]",
740089,740621,Auto,90.0,0.0,,Boss1,[],0.0,"['Battle Voice', 'Brotherhood', 'Chain Stratagem', 'Dokumori', 'Grade 4 Gemdraught', 'Radiant Finale', ""The Wanderer's Minuet""]",
739800,741630,Scorch,750.0,155187.0,,Boss1,[],1780685363.0,"['Battle Voice', 'Brotherhood', 'Chain Stratagem', 'Dokumori', 'Embolden', 'Grade 4 Gemdraught', 'Radiant Finale', ""The Wanderer's Minuet""]",
742290,743850,Resolution,850.0,175880.0,,Boss1,[],2287171968.0,"['Battle Voice', 'Brotherhood', 'Chain Stratagem', 'Dokumori', 'Embolden', 'Grade 4 Gemdraught', 'Radiant Finale', ""The Wanderer's Minuet""]",
743529,744061,Auto,90.0,0.0,,Boss1,[],0.0,"['Battle Voice', 'Brotherhood', 'Chain Stratagem', 'Dokumori', 'Grade 4 Gemdraught', 'Radiant Finale', ""The Wanderer's Minuet""]",
746180,746180,Swiftcast,,,,,,,[],
744780,746330,Grand Impact,600.0,124148.0,,Boss1,[],1139564141.0,"['Battle Voice', 'Brotherhood', 'Chain Stratagem', 'Dokumori', 'Embolden', 'Grade 4 Gemdraught', 'Radiant Finale', ""The Wanderer's Minuet""]",
745480,746640,Fleche,480.0,90254.0,,Boss1,[],602303160.0,"['Battle Voice', 'Brotherhood', 'Chain Stratagem', 'Dokumori', 'Grade 4 Gemdraught', 'Radiant Finale', ""The Wanderer's Minuet""]",
746969,747501,Auto,90.0,0.0,,Boss1,[],0.0,"['Brotherhood', 'Dokumori', 'Grade 4 Gemdraught', 'Radiant Finale', ""The Wanderer's Minuet""]",
747270,748030,Veraero III,440.0,78712.0,,Boss1,[],445588607.0,"['Brotherhood', 'Embolden', 'Grade 4 Gemdraught', 'Radiant Finale', ""The Wanderer's Minuet""]",
749760,750560,Verfire,380.0,51299.0,,Boss1,[],189255196.0,"[""The Wanderer's Minuet""]",
750409,750941,Auto,90.0,0.0,,Boss1,[],0.0,"[""The Wanderer's Minuet""]",
752950,754110,Contre Sixte,420.0,56689.0,,Boss1,[],231115816.0,"[""The Wanderer's Minuet""]",
757240,757772,Auto,90.0,0.0,,Boss1,[],0.0,"[""The Wanderer's Minuet""]",
756740,758000,Verthunder III,440.0,59417.0,,Boss1,[],253891568.0,"[""The Wanderer's Minuet""]",
